Time,"name=""rskj-miner1""","name=""rskj-miner2""","name=""rskj-miner3""","name=""rskj-miner4""","name=""rskj-node1""","name=""rskj-node2"""
2026-03-10 00:54:33,-79352.21708847665,-54857.56154747948,-86997.13812840494,-96209.67519481416,-71249.53451486105,-49522.68809047652
2026-03-10 00:55:03,-44560.05379495844,-48815.303975999166,-83425.8422704231,-126438.60133108037,-77990.17207489912,-38113.59012379737
2026-03-10 00:55:33,-165797.71716266076,-115829.20100693125,-114295.94123935307,-162901.75523293903,-77679.23031828682,-84819.44204972584
2026-03-10 00:56:03,-120649.24137931035,-126953.27586206896,-96768.24137931035,-100450.03448275862,-80502.8275862069,-85976.62068965517
2026-03-10 00:56:33,-114711.25133616083,-133621.97855246373,-146756.3187476294,-162011.82717837318,-84347.64318471777,-110084.44536395298
2026-03-10 00:57:03,-169842.3103448276,-124648.27586206897,-136496.10344827586,-130563.03448275862,-99543.27586206897,-138328.93103448275
2026-03-10 00:57:33,-167206.73126659537,-121301.14831545914,-124605.57260595191,-112610.36587468532,-103166.04020828303,-118023.13872892167
2026-03-10 00:58:03,-265646.5862068965,-144136.0344827586,-124206,-185526.2068965517,-155664.72413793104,-110146.6551724138
2026-03-10 00:58:33,-284919.30199675827,-332497.3273097217,-303449.977583888,-349838.01772597164,-363775.18363968685,-268137.84184570814
2026-03-10 00:59:03,-54578.22144063998,-78298.67935588429,-81397.7104237785,-43321.78200751699,-38797.83455742906,-80189.71759594497
2026-03-10 00:59:33,-94890.78557141872,-51293.53748534382,-82373.68094351335,-126804.88309538589,-80167.14945858334,-47644.009931719425
2026-03-10 01:00:03,-36705.06896551724,-39002.8275862069,-38265.93103448276,-44306.75862068965,-37076.48275862069,-35107
2026-03-10 01:00:33,-161480.56829545845,-81530.63898755128,-104744.30152763888,-113395.73778406151,-72220.76623331838,-66305.49329287215
2026-03-10 01:01:03,-124897.96551724138,-107933.72413793103,-159129.55172413794,-98845.89655172413,-61395.24137931034,-105088.44827586207
2026-03-10 01:01:33,-160692.37136156711,-130924.74824113671,-188332.11477445165,-184403.09008139055,-157267.38170782177,-159995.7235480756
2026-03-10 01:02:03,-131908.80253766853,-118406.47519222151,-168066.2690066545,-186721.71844291972,-176103.29965865603,-99900.45857325106
2026-03-10 01:02:33,-88205.59329632056,-83798.61374530155,-96000.72416290216,-150848.64995344664,-112143.83254594984,-107373.53012172833
2026-03-10 01:03:03,-115375.6681264871,-106836.37366805751,-140416.8764440153,-165638.09096865405,-82827.37335770197,-81523.29390668642
2026-03-10 01:03:33,-136050.00172419735,-146683.85116728162,-114813.2004551881,-100947.65336735747,-108457.46405048449,-90861.85730542432
2026-03-10 01:04:03,-236519.00131043518,-235237.18877163943,-178432.58155734878,-187013.55265880405,-173038.89923442996,-148946.61700806953
2026-03-10 01:04:33,-96128.9098872297,-85487.11935717487,-105065.93785564024,-163963.5824395627,-94114.14973962824,-99294.72014346311
2026-03-10 01:05:03,-223090.17863300917,-232936.168011587,-204500.5862473274,-236933.47817090832,-284785.3300227602,-192228.63645768672
2026-03-10 01:05:33,-150654.85016724712,-179498.81030380356,-153754.094968792,-138677.67854063932,-147160.6262284906,-119437.8771681782
2026-03-10 01:06:03,-125013.8615909796,-75376.84907416985,-107078.34212613358,-88877.93524361227,-67562.3944001931,-56783.93848487982
2026-03-10 01:06:33,-98387.5172413793,-98072.96551724138,-106394.86206896552,-95499.86206896552,-92811.37931034483,-90704.6896551724
2026-03-10 01:07:03,-149389.35825373288,-134740.43932549396,-240242.56008827887,-210031.8631676954,-136790.26862995274,-172813.47632676986
2026-03-10 01:07:33,-92843.45367401125,-95712.83748836248,-132496.6725285335,-82888.24523292301,-102018.75797386297,-80823.04058480743
2026-03-10 01:08:03,-204377.0819683437,-237633.6770233456,-193374.01289699643,-188382.22007655434,-166430.04931204522,-147165.93675643986
2026-03-10 01:08:33,-142299.720660758,-148206.33168948512,-119109.35614029037,-160333.9655826465,-180516.01889850674,-148868.4001793289
2026-03-10 01:09:03,-111734.33782712134,-146403.02727304073,-110290.45271178844,-115082.85349791402,-184329.58659449025,-105471.60638554633
2026-03-10 01:09:33,-59735.50812096968,-112015.0005172592,-61298.80340701403,-68047.96717128177,-61993.10321045553,-81434.70464498775
2026-03-10 01:10:03,-76496.15530498947,-63035.96427709389,-74683.52815420157,-52475.156029102436,-54475.742215785656,-26823.247474225023
2026-03-10 01:10:33,-137070.2020550307,-121795.0830977174,-164956.1064754155,-132487.72498448382,-118373.45700296531,-138912.28191159232
2026-03-10 01:11:03,-144030.93423457598,-82390.79904817739,-104102.73476566542,-110892.91995723695,-80717.45352967548,-49588.71607407663
2026-03-10 01:11:33,-93574.99484217043,-97926.31180799121,-122304.93088508358,-144797.1941407056,-100763.8745615845,-125582.76597207897
2026-03-10 01:12:03,-102335.93103448275,-112694.10344827586,-174062.6551724138,-125560.37931034483,-70906.03448275862,-139404.2068965517
2026-03-10 01:12:33,-105810.2693196317,-73182.00627607848,-84369.84033932204,-68078.86478844097,-99684.40291044518,-66900.54829476877
2026-03-10 01:13:03,-174510.3448275862,-94158.62068965517,-175433.0344827586,-132688.8620689655,-138898.89655172414,-93731.55172413793
2026-03-10 01:13:33,-80401.18624780164,-83823.37321976619,-110346.21883513223,-82649.36721955928,-102147.28094072208,-82716.12814234973
2026-03-10 01:14:03,-119279.24137931035,-214475.24137931035,-161416.79310344826,-203613,-172244.79310344826,-185658.41379310345
2026-03-10 01:14:33,-163450.27586206896,-176651.55172413794,-125528.6896551724,-106324.86206896552,-162589.1379310345,-121337.44827586207
2026-03-10 01:15:03,-192260.1379310345,-154752.93103448275,-142028.24137931035,-149682.3448275862,-138555.4827586207,-129599.55172413793
2026-03-10 01:15:33,-304160.06344608805,-275712.52715423604,-234092.6174959484,-273491.1554773973,-213551.11892693353,-203261.85303955033
2026-03-10 01:16:03,-140310.55172413794,-188785.2068965517,-169044.10344827586,-213112.8275862069,-140556.58620689655,-132732.62068965516
2026-03-10 01:16:33,-149909.10971657129,-201317.8746293359,-190844.80380663404,-185681.7460864768,-184574.37418109097,-179481.03579063513
2026-03-10 01:17:03,-122224.18014414288,-200628.60788303043,-150710.12793544604,-168493.9480671747,-165354.63291837648,-141040.93244594638
2026-03-10 01:17:33,-129844.83828701469,-126350.1137852562,-102216.67471208883,-142483.03565271362,-151058.40976484382,-104858.18219433143
2026-03-10 01:18:03,-75042.6551724138,-76818.13793103448,-82520.89655172413,-78702.8275862069,-75490.10344827586,-83162.41379310345
2026-03-10 01:18:33,-81013.2422925719,-54220.70487619836,-98455.85902476033,-51975.8604041658,-48815.15966618387,-46713.945789364785
2026-03-10 01:19:03,-40160.678573891455,-55751.70677884284,-101204.15833390801,-75193.05565133439,-61949.45176194746,-40121.85366526447
2026-03-10 01:19:33,-73393.75862068965,-121373.1724137931,-133353.89655172414,-88673.96551724138,-88600.62068965517,-73311.4827586207
2026-03-10 01:20:03,-52012.379310344826,-80760.37931034483,-83548.10344827586,-79600.37931034483,-45124.55172413793,-77523.96551724138
2026-03-10 01:20:33,-69271.6551724138,-77972.6551724138,-86750.13793103448,-71436.93103448275,-71385.93103448275,-69209.58620689655
2026-03-10 01:21:03,-26869.215916143716,-32157.609820012414,-28512.585338942143,-28963.347355354803,-28846.596786428523,-26772.808771808843
2026-03-10 01:21:33,-18630.58620689655,-20594.344827586207,-21425.655172413793,-20861.1724137931,-20727.1724137931,-18609.862068965518
2026-03-10 01:22:03,-91902.24137931035,-55918.24137931034,-137789.3448275862,-70602.24137931035,-83935.62068965517,-88149.20689655172
2026-03-10 01:22:33,-97182.26023381729,-95779.3909714798,-62825.36124426665,-67602.7520088285,-67961.4098010139,-41376.86657240404
2026-03-10 01:23:03,-40889.96931140305,-46529.46450122409,-46124.96120823419,-50729.423123340566,-61072.514740870996,-41236.47460432399
2026-03-10 01:23:33,-47680.8855477775,-46799.75171557639,-53007.827856132964,-69062.00213800475,-64214.21428325114,-41264.45739508258
2026-03-10 01:24:03,-80311.35556398495,-67247.31887306458,-121071.69212731472,-86078.72685265008,-82542.46698162005,-63310.045173971506
2026-03-10 01:24:33,-114922.24406054962,-128251.40512396123,-164756.00841350298,-210710.52722319917,-111675.18361435812,-167941.2434053998
2026-03-10 01:25:03,-173831.70126198194,-205283.6011309565,-223547.92772912214,-244775.3948003586,-129174.4017653955,-178726.3981794359
2026-03-10 01:25:33,-86293.86206896552,-159174.27586206896,-72894.58620689655,-247152.06896551725,-122890.6896551724,-98904.10344827586
2026-03-10 01:26:03,-72626.5172413793,-121560.96551724138,-129963.6896551724,-131722.8620689655,-96999.13793103448,-49459.58620689655
2026-03-10 01:26:33,-115813.48919002792,-68436.12289231404,-83008.65487396985,-142810.3168856246,-91527.56801489602,-79431.01962001309
2026-03-10 01:27:03,-62304.31034482759,-71666.31034482758,-69509.10344827586,-74503.79310344828,-74447.86206896552,-62368.41379310345
2026-03-10 01:27:33,-68850.90169304507,-98482.9488638323,-90731.18168339024,-65266.12875418089,-65192.20026895625,-68903.72745767389
2026-03-10 01:28:03,-71604.2966998862,-50913.58322700782,-89374.4267043691,-51219.66274699127,-61591.46867133349,-79186.6960929687
2026-03-10 01:28:33,-99938.13793103448,-62024.93103448276,-72289.79310344828,-67708.5172413793,-68989.6551724138,-70697
2026-03-10 01:29:03,-107315.01275774086,-77873.69836562996,-150650.71374387975,-145394.59347631197,-70151.36887111234,-61311.840562719815
2026-03-10 01:29:33,-223468.14012826703,-251917.3850079305,-216707.744293497,-192002.41362664645,-198636.50782704641,-177636.30094476245
2026-03-10 01:30:03,-131621.8620689655,-184127.44827586206,-154091.1379310345,-231029.3103448276,-134548.10344827586,-129445.1724137931
2026-03-10 01:30:33,-141406.6551724138,-97927.62068965517,-95260.89655172413,-176879.4827586207,-83302.96551724138,-63112.89655172414
2026-03-10 01:31:03,-49978.206896551725,-78914.10344827586,-58777.206896551725,-112757.20689655172,-77349.10344827586,-49616.724137931036
2026-03-10 01:31:33,-93124.75438656968,-128691.4061153435,-129921.989727326,-127714.64028404978,-93901.54779551174,-62487.60729428798
2026-03-10 01:32:03,-176945.12195121948,-104359.85944605207,-95835.95149510815,-90039.27242662256,-113473.30163979605,-87841.91125809561
2026-03-10 01:32:33,-140811.19845538546,-76048.4760722659,-138153.2202454834,-107869.43180251,-137123.50020686802,-82944.11115708177
2026-03-10 01:33:03,-48877.797317333876,-50726.97493189889,-58823.41988207302,-51003.10334126409,-61564.87707320436,-58095.92772663011
2026-03-10 01:33:33,-128978.72560513069,-150195.74512102615,-105287.70429625544,-79524.79139369699,-103825.8051168885,-115921.45369284878
2026-03-10 01:34:03,-201687.8383504017,-115814.73052653356,-192721.5613254715,-164003.9653805041,-132036.5504637771,-116395.3656770456
2026-03-10 01:34:33,-117248.89655172413,-127718,-128353.62068965517,-137275.24137931035,-166043.55172413794,-117174
2026-03-10 01:35:03,-81181.37305610151,-118269.50794800177,-93141.23650908588,-131893.10713423672,-91908.1755801524,-80991.79338643495
2026-03-10 01:35:33,-136587.79915856264,-173089.86826677702,-131315.1941513208,-185154.45892820193,-115690.08207462584,-100260.98351610456
2026-03-10 01:36:03,-86920.55446363917,-34474.84569497603,-53764.904658460044,-39050.96375987034,-46431.1920278611,-28624.564670183783
2026-03-10 01:36:33,-67181.48901686264,-32778.26821614538,-61963.82633883926,-103915.7212317666,-15296.286078830302,-13042.139384116692
2026-03-10 01:37:03,-46286.221639886906,-51019.75725812013,-52073.65009309703,-56947.27949796566,-47903.11013033584,-45754.70657196056
2026-03-10 01:37:33,-87888.37931034483,-37772.58620689655,-84323.24137931035,-46337.48275862069,-37922.1724137931,-44038.448275862065
2026-03-10 01:38:03,-40338.40212406468,-52291.33478155925,-105083.51436157373,-103925.34740181372,-77268.74935347056,-48277.68007999723
2026-03-10 01:38:33,-71146.78804179166,-132785.38671080305,-85759.35312575428,-89053.58435916001,-74799.8000068963,-79014.37881452363
2026-03-10 01:39:03,-97092.5172413793,-129806.20689655172,-92643.93103448275,-83799.41379310345,-73172.89655172413,-99096.48275862068
2026-03-10 01:39:33,-83682.18337298714,-79776.0077238716,-88630.32309230717,-91504.98258680735,-93632.32302334403,-92038.72280266199
2026-03-10 01:40:03,-137425.72413793104,-83281.6896551724,-51257.89655172414,-59480.48275862069,-93965.10344827586,-112073.03448275862
2026-03-10 01:40:33,-104432.60577221474,-73435.98496603564,-71389.53829178303,-77839.2124409503,-78216.26840453777,-63069.89414158132
2026-03-10 01:41:03,-39681.816614366006,-44876.85782268354,-54513.60391737645,-73432.67009207213,-70504.8794786027,-39684.47187834063
2026-03-10 01:41:33,-73367.02531209048,-63166.08041933926,-99899.37237050831,-98317.0218635768,-95944.44444444444,-60138.87164632043
2026-03-10 01:42:03,-53434.14701420494,-125670.97641704592,-91483.0023445042,-93058.26782512756,-86353.43400910219,-75260.65370293752
2026-03-10 01:42:33,-99229.819661391,-108708.52729216235,-117364.22881969588,-123877.8317989035,-108471.36305644634,-81178.54556739423
2026-03-10 01:43:03,-222668.66659770356,-206911.62373711253,-195640.46067376988,-183579.2214061584,-213962.20819971728,-197395.33119547603
2026-03-10 01:43:33,-124348.56374357735,-180097.5895720542,-119771.57833028723,-137564.70912790095,-95163.55736404702,-133225.7319217904
2026-03-10 01:44:03,-149665.67812683195,-172047.51887996137,-65079.79585502947,-102104.24497396461,-109372.49560329664,-94458.7054726025
2026-03-10 01:44:33,-83359.07868422868,-136473.3466657472,-95899.28280808221,-135044.85897524309,-95462.07158127025,-68060.2027446383
2026-03-10 01:45:03,-154065.24362909063,-99570.05413979791,-113651.19486878856,-160639.33239077206,-95409.46239525499,-102208.48994792922
2026-03-10 01:45:33,-90840.44827586207,-82720.89655172413,-116904.20689655172,-88600.75862068965,-103440.6896551724,-90776.6896551724
2026-03-10 01:46:03,-108536.80225706224,-139548.8018285061,-155498.1964929824,-139983.21488518268,-110740.00928538266,-108559.33716652977
2026-03-10 01:46:33,-59045.40151338378,-62614.12047068236,-63654.821827394255,-65524.11747058236,-61504.416813893804,-68211.47371579053
2026-03-10 01:47:03,-33089.1724137931,-55829.793103448275,-88145.62068965517,-59049.03448275862,-44917,-77774.24137931035
2026-03-10 01:47:33,-13251.344827586207,-15086.551724137931,-14584.275862068966,-15321.379310344828,-34355.620689655174,-30692.44827586207
2026-03-10 01:48:03,-88743.08060426413,-61803.328452555266,-96510.44605549802,-66472.16170851041,-45814.935180886394,-59686.86832613121
2026-03-10 01:48:33,-65509.89655172414,-91247.79310344828,-45579.89655172414,-83443.37931034483,-64072.448275862065,-69285.10344827586
2026-03-10 01:49:03,-40097.100099996554,-75038.72280266199,-48989.37967656288,-65782.28336953899,-34630.97824212958,-32648.25350849971
2026-03-10 01:49:33,-50603.49643115755,-100561.63580566188,-117188.51074100894,-87324.74742250268,-70638.35729802422,-83672.87334919487
2026-03-10 01:50:03,-70987.44870866521,-131454.9153477466,-108445.74325023274,-76130.96100134477,-80286.54184338471,-92321.40271025136
2026-03-10 01:50:33,-92571.5960417888,-102451.57397510603,-102643.3472399407,-88449.95345309108,-65972.45112574562,-70986.65655277041
2026-03-10 01:51:03,-69321.3448275862,-113986.13793103448,-113226.62068965517,-102613.6896551724,-79849.4827586207,-61620.3448275862
2026-03-10 01:51:33,-77077.9256602993,-153562.13364595544,-93867.97462243984,-104767.05054823805,-118246.1899179367,-68362.630163437
2026-03-10 01:52:03,-37183.82124754319,-28925.347401813728,-28581.428226612872,-31857.453191269262,-46881.45236371159,-26889.21071687183
2026-03-10 01:52:33,-195178.36700917178,-195606.8546996759,-237211.15785118268,-131283.63561133714,-127666.1954347976,-98172.71222674298
2026-03-10 01:53:03,-73424.26123237128,-96931.00237922829,-89393.84848798317,-63163.511603048166,-78903.21023412985,-77357.29802420606
2026-03-10 01:53:33,-101165.78167022964,-157751.08613199092,-155230.01861940557,-127077.40845458934,-129346.87262947383,-128025.3430797876
2026-03-10 01:54:03,-129555.24518932342,-132056.1762880199,-90416.13214704464,-92658.90751086283,-103494.58583350577,-100962.68708186773
2026-03-10 01:54:33,-159958.3807454915,-230760.3530912727,-210223.75090514118,-189144.71914761557,-180421.88200406882,-149839.5572566463
2026-03-10 01:55:03,-267990.24171580287,-197921.58891072718,-265829.4196751836,-211364.19433812625,-172567.08389365883,-184573.32505775662
2026-03-10 01:55:33,-130782.59819981377,-217969.78997827362,-276854.46770355554,-146587.37110735592,-162280.75318136357,-151696.79622029865
2026-03-10 01:56:03,-79085.7211820282,-143119.0303782628,-112408.88245232921,-93045.03292989895,-109542.22268197648,-108009.58587634908
2026-03-10 01:56:33,-103536.71069420975,-187167.60354519432,-113286.33996620339,-81597.33765561954,-92404.07628375349,-68137.04866020623
2026-03-10 01:57:03,-19903.840849537995,-20312.060405461314,-22723.96910770928,-14938.939456626671,-14936.04330437181,-20133.257481726658
2026-03-10 01:57:33,-48147.85187228467,-56846.424384525206,-52869.25039652438,-57200.12412937039,-57089.20074477622,-47671.781256465074
2026-03-10 01:58:03,-41558.206896551725,-82177.96551724138,-69968.89655172413,-43630.793103448275,-65522.448275862065,-41498.3448275862
2026-03-10 01:58:33,-159228.93103448275,-41935.10344827586,-84201.3448275862,-84677.6551724138,-63477.55172413793,-48190.3448275862
2026-03-10 01:59:03,-83585.74433601157,-87583.67529914824,-83454.11910755542,-134288.83754612226,-82373.53012172833,-95060.96761957307
2026-03-10 01:59:33,-126180.19446934694,-98456.6581615061,-135069.0642024688,-142894.2141921247,-87426.21198538032,-126905.04103165299
2026-03-10 02:00:03,-178924.92585695564,-177760.53520932476,-196409.85585212772,-167454.34167873647,-140423.06365956273,-143227.73984412718
2026-03-10 02:00:33,-107397.04158333909,-107799.77242948762,-123641.67988414592,-107560.5820288256,-114745.01758499414,-103208.57182263292
2026-03-10 02:01:03,-83596.22081997171,-53882.45232923002,-110720.7682493707,-93268.88727974896,-45626.63356435984,-43430.05413606427
2026-03-10 02:01:33,-71070.62068965517,-107700.6551724138,-81515.8275862069,-141549.93103448275,-55366.24137931034,-62192.448275862065
2026-03-10 02:02:03,-88807.11675056892,-119785.04930694435,-114742.983242535,-82790.15240328254,-60028.13599062134,-68308.59940693746
2026-03-10 02:02:33,-110642.62068965517,-101363.31034482758,-122677.03448275862,-118516.72413793103,-114849.75862068965,-94568.6896551724
2026-03-10 02:03:03,-57791.566098889736,-60936.55609957934,-62462.10606165092,-82854.42383283912,-59676.746431280604,-57668.91938487001
2026-03-10 02:03:33,-44377.57318713147,-46375.84910865142,-47323.54056756663,-52269.47346643219,-46480.32826454259,-44295.817385607384
2026-03-10 02:04:03,-103724.44827586207,-110257.24137931035,-112726.75862068965,-156032.4827586207,-133466.79310344826,-112261.62068965517
2026-03-10 02:04:33,-97008.37902141304,-104586.1522016482,-117388.05558429018,-140539.9813799524,-101672.45957035963,-85747.14665011551
2026-03-10 02:05:03,-146975.6896551724,-95127.10344827586,-164471.3103448276,-121355.96551724138,-92051.79310344828,-102891.58620689655
2026-03-10 02:05:33,-125935.27809385884,-150677.355953243,-144717.113202993,-200317.43732974728,-185716.7339057274,-142340.85031550637
2026-03-10 02:06:03,-35973.20782041998,-47273.78366263232,-68129.78862797834,-31869.86655632564,-71447.22595772559,-72701.49305196371
2026-03-10 02:06:33,-107292.40371021688,-108358.05661873728,-196958.6221164787,-94156.16702872314,-108942.41577876624,-96384.33157477327
2026-03-10 02:07:03,-110144.79809648608,-90524.74223249077,-116845.6498499948,-135314.5280871754,-72572.67491982481,-66811.30383806337
2026-03-10 02:07:33,-246245.05138285403,-278417.3736119733,-293623.9395820402,-323747.7067383958,-201769.81171115252,-203954.30719359958
2026-03-10 02:08:03,-201263.24862945214,-273960.45236699656,-235694.68675654245,-228622.07357859536,-208898.90700961972,-171484.84639520053
2026-03-10 02:08:33,-109444.3141852286,-162933.0391007517,-126969.07109854493,-160486.41473001862,-154364.28522170885,-183069.65036894009
2026-03-10 02:09:03,-112974.41379310345,-100781.75862068965,-101415.10344827586,-71422.6896551724,-88518.5172413793,-91481.03448275862
2026-03-10 02:09:33,-41621.124866374696,-43637.401289699636,-44783.02700093106,-48942.10145177419,-52273.45770543811,-48726.78368219593
2026-03-10 02:10:03,-83505.79270395146,-99715.53685952694,-121667.81601268878,-53867.97462243983,-95392.90393765947,-43032.687400868905
2026-03-10 02:10:33,-78342.79310344828,-86746.79310344828,-134747.41379310345,-108271.8275862069,-95363.6551724138,-71627.6896551724
2026-03-10 02:11:03,-148017.6551724138,-128465.86206896552,-132187.41379310345,-124872.44827586207,-117463.75862068965,-115489.06896551725
2026-03-10 02:11:33,-105218.3448275862,-69705.24137931035,-86840.58620689655,-75224.62068965517,-43329.65517241379,-64495.10344827586
2026-03-10 02:12:03,-135885.60885608857,-108243.09411318412,-121071.90399006793,-76293.78901265647,-91696.07200744904,-99050.55695416767
2026-03-10 02:12:33,-71647.29818269594,-67437.46336080553,-67047.58784785682,-85203.45529156177,-88336.32194213592,-62723.36977137142
2026-03-10 02:13:03,-72002.41379310345,-95709.75862068965,-79678.41379310345,-92976.62068965517,-97442.37931034483,-78649.55172413793
2026-03-10 02:13:33,-48383.65517241379,-53289,-81341.6551724138,-84226.03448275862,-30816.310344827587,-60116.1724137931
2026-03-10 02:14:03,-22162.638347757133,-61964.65882839707,-55496.05213253802,-51021.65293245527,-19174.91294004069,-43531.46226252457
2026-03-10 02:14:33,-203665,-241925.3793103448,-188305.41379310345,-297510.8620689655,-235250.6551724138,-195956.3448275862
2026-03-10 02:15:03,-202854.71912824578,-271805.2001793165,-279320.7351977654,-298363.25390530704,-245316.5281561433,-235623.4697748198
2026-03-10 02:15:33,-170727.5611185821,-169326.8163166787,-130703.59642770937,-152785.04189510705,-132292.43819178647,-146113.99606910103
2026-03-10 02:16:03,-201591.15831580397,-276968.5506396772,-248888.65133280455,-327546.57057139894,-272646.88437532325,-275455.532949412
2026-03-10 02:16:33,-269706.6551724138,-247903.0344827586,-307331.1379310345,-227002.5172413793,-242001.89655172414,-194906.89655172414
2026-03-10 02:17:03,-57963,-157540.8620689655,-62695.75862068965,-96468.86206896552,-91830.93103448275,-71739.5172413793
2026-03-10 02:17:33,-79429.06896551725,-146729.06896551725,-95508,-117898.55172413793,-74029.44827586207,-71832.24137931035
2026-03-10 02:18:03,-92617.71601958486,-80768.25736156128,-81658.95455485828,-115419.55727191229,-78772.91221295083,-92517.44707261569
2026-03-10 02:18:33,-234524.87845246712,-173357.60835833245,-255885.4867073549,-224456.60494465704,-123122.44405365331,-164957.5187062515
2026-03-10 02:19:03,-224536.25987103,-159838.92548018895,-242807.13128038895,-231284.63050450012,-272334.942584227,-202361.08141660056
2026-03-10 02:19:33,-138203.0344827586,-96653.6896551724,-104969.79310344828,-76515.27586206897,-175235,-106733.5172413793
2026-03-10 02:20:03,-96915.24137931035,-88037.8275862069,-105809.3448275862,-152083.5172413793,-92397.10344827586,-92764.79310344828
2026-03-10 02:20:33,-33691.29969998965,-68257.14679816544,-55111.934894306694,-71431.0838304769,-35775.30259664126,-33575.123280113105
2026-03-10 02:21:03,-54341.18336666437,-61066.82297772568,-61093.51079235915,-95598.40700641336,-64321.598510447555,-54215.605820288256
2026-03-10 02:21:33,-69040.45106559074,-56644.38926822541,-51108.45575556936,-76021.277329471,-44796.8480584868,-64825.43623698187
2026-03-10 02:22:03,-51067.10807641907,-56951.238016414936,-56048.52058762674,-54468.99786192152,-52921.75322436031,-50866.74943099525
2026-03-10 02:22:33,-111519.05106720456,-97395.36567704561,-57509.84448812109,-97049.10175511189,-52423.606082548875,-67696.21737181475
2026-03-10 02:23:03,-95237.24137931035,-64377.65517241379,-56050.137931034486,-78872.24137931035,-60592.1724137931,-67668
2026-03-10 02:23:33,-36855.1774076756,-38699.148305230854,-42069.23899175891,-40852.79817937313,-38923.55436019448,-36803.97227681804
2026-03-10 02:24:03,-134618.35798765562,-60303.024033654016,-82462.22544050206,-63518.982104065384,-92036.44701906832,-116525.53360228958
2026-03-10 02:24:33,-103250.60340666161,-85879.45658920075,-97870.52617060892,-92833.87352596373,-116602.44121095097,-88578.37390524792
2026-03-10 02:25:03,-111560.98486154694,-156750.47415428117,-170310.18310976238,-121367.77130245868,-133614.77981999377,-111606.64160833131
2026-03-10 02:25:33,-100947.07079066237,-113714.97534567773,-110994.37950415502,-186603.66883900552,-105798.97244922588,-132319.5751870625
2026-03-10 02:26:03,-64657.505431221754,-117077.65785027068,-97177.24749129279,-91761.81937308182,-77206.76575054311,-86458.01579364804
2026-03-10 02:26:33,-254714.2068965517,-190188.5172413793,-205511.79310344826,-256715.3793103448,-160010.75862068965,-152748.24137931035
2026-03-10 02:27:03,-178467.1701496655,-235958.37643975447,-183632.25050003448,-202466.65287261188,-144369.05993516793,-148592.075315539
2026-03-10 02:27:33,-118023.5509120375,-167310.368607979,-114387.57284231577,-162261.37029757592,-138319.8510396193,-168387.05561877176
2026-03-10 02:28:03,-50489.84447739577,-99153.00527604399,-68839.20135177074,-56392.392841132445,-99644.1601434532,-66346.6326425049
2026-03-10 02:28:33,-52770.275862068964,-82260.96551724138,-58522.75862068965,-97599.37931034483,-86952.41379310345,-97906.72413793103
2026-03-10 02:29:03,-40947.27949796566,-55022.99841390249,-50597.06227156748,-51021.96400248259,-50254.9479346252,-47643.6797462244
2026-03-10 02:29:33,-149316.1815422817,-132252.03476341564,-164882.3285970479,-105347.11684370258,-56168.23010070355,-122074.32059594427
2026-03-10 02:30:03,-126296.84537148767,-148212.9632821927,-129894.32856404067,-198767.4538872608,-137783.86485088777,-135832.09791415272
2026-03-10 02:30:33,-162222.76630228627,-95982.93044587743,-190283.25114659124,-105854.78809614123,-129741.92213524603,-101103.79668264421
2026-03-10 02:31:03,-147324.26468052823,-106878.6248750043,-108484.74190545152,-77294.05882555773,-71571.29064515016,-62036.68839005551
2026-03-10 02:31:33,-43255.65517241379,-50332.03448275862,-65319.206896551725,-62585.31034482759,-70745.41379310345,-53027.93103448276
2026-03-10 02:32:03,-107720.9061756491,-141999.96551843037,-161070.37688355573,-89499.81035136718,-92838.55729112789,-102294.61053067134
2026-03-10 02:32:33,-62314.25221559363,-69325.42501465567,-86960.7917514397,-76059.1399703438,-112764.50912100416,-88773.88875478464
2026-03-10 02:33:03,-115481.64109636268,-188993.3459748319,-134421.44457852092,-188193.75969660401,-125850.4740561972,-137316.4971556628
2026-03-10 02:33:33,-156777.22994173018,-142349.23973382066,-136347.75712857294,-205484.05337378895,-132900.45857325106,-127091.71465020861
2026-03-10 02:34:03,-55506.93103448276,-65756.3448275862,-67484,-146521,-56270.93103448276,-86765.37931034483
2026-03-10 02:34:33,-155523.05251905235,-203054.62257319214,-165324.04565674675,-112838.58064071173,-122313.42460084829,-131622.7111279699
2026-03-10 02:35:03,-175802.87566374734,-90635.23205296187,-175318.7366388525,-118831.14957589132,-57578.02910144128,-105231.05303082547
2026-03-10 02:35:33,-244584.33049415494,-230491.81006241593,-240339.94275664675,-189389.7375771578,-167951.7224731887,-180045.62226283664
2026-03-10 02:36:03,-240593.44827586206,-252518.8275862069,-244030.3793103448,-319923.3793103448,-275189.4482758621,-210619.24137931035
2026-03-10 02:36:33,-165177.82145443262,-171004.27571463055,-206359.78069721736,-225995.89669321748,-180041.5847729389,-182309.3686424606
2026-03-10 02:37:03,-53603.19321355908,-73305.52777681989,-76212.97286113314,-49870.064484982235,-48286.80299320666,-46280.66485051208
2026-03-10 02:37:33,-104041.1724137931,-133418.3793103448,-87206.58620689655,-83931.55172413793,-48813.862068965514,-73431.41379310345
2026-03-10 02:38:03,-63697.34165431163,-71391.7525773196,-139154.98396717582,-97276.9368685998,-65757.19753128987,-63766.98962176327
2026-03-10 02:38:33,-140054.82569566564,-157680.39033136787,-185867.86662528876,-152199.68276955964,-125107.54801558565,-152239.81931657527
2026-03-10 02:39:03,-141957.4468085106,-88175.41984206351,-92783.50977619916,-132038.00131038998,-86163.62633194246,-84201.66212628021
2026-03-10 02:39:33,-100347.79459944132,-109595.33744870158,-151600.26899334413,-115846.01855364347,-120414.83601751905,-158113.49449943096
2026-03-10 02:40:03,-21414.88224543981,-52253.4740181373,-22850.108616944242,-36668.66659770352,-59784.179855867034,-27719.90621013068
2026-03-10 02:40:33,-101671.8270523739,-63032.23804434025,-107691.23883736167,-66650.10516153502,-111485.77733337932,-89523.1182981071
2026-03-10 02:41:03,-58862.04399696573,-74961.86469898628,-75450.86545755465,-52544.89345562375,-88812.59913109441,-73961.55437556031
2026-03-10 02:41:33,-86932.09876543209,-92827.12600869025,-53677.426029381335,-54381.92289123388,-29051.486309400647,-40081.86771501483
2026-03-10 02:42:03,-138588.62680184844,-91706.32457410857,-103988.06814263054,-112919.13235395546,-116464.72170494519,-88305.4003724395
2026-03-10 02:42:33,-40296.22095027929,-45769.01592993587,-43799.772429487624,-44220.32963243914,-42326.839528308396,-40234.8803530791
2026-03-10 02:43:03,-46678.04558463501,-62175.54567083893,-96814.28226612874,-102371.60787559049,-57562.8081790283,-46516.77528361091
2026-03-10 02:43:33,-89666.88506500224,-59538.19097210248,-183272.94044622226,-107092.52043173902,-54506.67264388427,-65093.48598227524
2026-03-10 02:44:03,-118576.88196144692,-212160.24690506567,-171186.04089796197,-197786.0615883306,-158559.2261802131,-119168.28166488498
2026-03-10 02:44:33,-81037.62198696505,-113671.98868926513,-86898.47925790543,-87368.7023690472,-80808.99341356597,-78912.13490120348
2026-03-10 02:45:03,-104215.77822219158,-124580.61512999104,-140280.73925936143,-107378.00841321288,-121378.11185435488,-128087.02848079443
2026-03-10 02:45:33,-107601.53098169029,-87548.9465880487,-166140.23654356747,-189630.90927899038,-120198.20006206684,-96585.566014965
2026-03-10 02:46:03,-166638.64271181764,-218567.39887582327,-291899.03100106894,-193835.64950515534,-238749.99137901302,-291227.42163522873
2026-03-10 02:46:33,-298512.8090197566,-276288.4184394718,-202150.08792193912,-140902.07909526603,-203159.2938661518,-225668.82736268666
2026-03-10 02:47:03,-166325.29912761628,-137215.85462570254,-209138.78831764418,-166394.12434053997,-123852.69473466431,-139438.22626805972
2026-03-10 02:47:33,-189808.1724137931,-213339.75862068965,-220592.62068965516,-292861.6206896552,-259089.0344827586,-198823
2026-03-10 02:48:03,-124741.28478328332,-135839.4538119375,-120244.85362573703,-124543.70538946931,-128786.38667632149,-156759.56001517188
2026-03-10 02:48:33,-105127.03448275862,-167761.1379310345,-75605.4827586207,-119946.62068965517,-80444.10344827586,-120451.1724137931
2026-03-10 02:49:03,-125296.02427502499,-155484.3281266163,-136271.71476845624,-175046.5156373918,-128147.47767318366,-103123.16816661494
2026-03-10 02:49:33,-132711.8275862069,-141941.6551724138,-114509.55172413793,-155045.1724137931,-133248.89655172414,-121187.62068965517
2026-03-10 02:50:03,-105128.71526101649,-69832.42534997586,-66059.96138197366,-112811.18543548722,-50722.329494517624,-82345.38997310531
2026-03-10 02:50:33,-87737.83662632322,-83320.43722630253,-130920.24412951276,-87929.17485603943,-81889.96931140305,-104744.66397710422
2026-03-10 02:51:03,-118412.13793103448,-69612.3448275862,-107591.31034482758,-74332.55172413793,-71152.58620689655,-98250.93103448275
2026-03-10 02:51:33,-101260.12138768192,-63231.77460514519,-81865.61142147736,-79984.68859921375,-68810.6421132492,-83613.3181598731
2026-03-10 02:52:03,-116363.23194703083,-140237.2232567763,-136528.69163390578,-199627.6294916891,-85437.13359542037,-93652.32084971377
2026-03-10 02:52:33,-174297.45198772542,-127565.87249594872,-141314.96741716375,-118952.7290280316,-137138.26155914908,-105463.64169223874
2026-03-10 02:53:03,-100523.88178087388,-145302.68648480877,-103349.7603200331,-126712.14263544504,-84242.95616787943,-109905.19708935407
2026-03-10 02:53:33,-163592.53896014343,-189175.3206454282,-222453.52365191007,-263115.15653013374,-203601.74458695351,-188079.92001103295
2026-03-10 02:54:03,-195571.04437471987,-206021.7908492225,-166097.74850877497,-211989.41488811505,-145829.74175085337,-140923.42171499503
2026-03-10 02:54:33,-91876.87056065099,-94402.55844424522,-93670.47100199986,-111759.74070753742,-88968.65733397697,-86906.79953106682
2026-03-10 02:55:03,-104518.8633698876,-123626.28457134977,-141044.1064901028,-189089.6613559556,-133114.9734464446,-97799.53789916547
2026-03-10 02:55:33,-64760.663425399114,-74326.71287196992,-66497.56904934312,-66190.54515361539,-103995.65532223026,-63601.668907968684
2026-03-10 02:56:03,-93655.94289852073,-114693.66573566427,-138350.05689458983,-118426.70942381296,-110638.25385331539,-105948.20868245921
2026-03-10 02:56:33,-163963.79310344826,-102655.58620689655,-170394.9655172414,-155251.1379310345,-112677,-156589.44827586206
2026-03-10 02:57:03,-118338.10295486676,-72130.74509533498,-108221.87359928284,-85407.44060959211,-115503.5341171603,-85911.90566493123
2026-03-10 02:57:33,-108725.63015068446,-155370.74583635048,-169583.04886038415,-102738.25040515845,-121021.44753629186,-106500.18964863282
2026-03-10 02:58:03,-163799.62068965516,-152933.3103448276,-125965.20689655172,-212303.3103448276,-164154.62068965516,-113726.5172413793
2026-03-10 02:58:33,-230916.79597255265,-282974.3112306472,-325586.08323850896,-215451.2603013689,-210135.54705010168,-213580.0834453984
2026-03-10 02:59:03,-134647.3793103448,-224743,-260715.6551724138,-167653.93103448275,-197546.27586206896,-172091.27586206896
2026-03-10 02:59:33,-204440.06896551725,-225202.75862068965,-281612.3448275862,-241370.3103448276,-192576.6896551724,-198214.89655172414
2026-03-10 03:00:03,-144673.08023861246,-174603.0136891831,-198531.60235853933,-167389.57277335261,-131731.69890693424,-156564.60122064754
2026-03-10 03:00:33,-119350.37604360728,-109869.86821224041,-184093.9764024012,-92959.73918443389,-104418.71938177053,-87822.67301455876
2026-03-10 03:01:03,-121531.48588563748,-139931.78919794576,-170821.390411195,-121231.34456967567,-121887.08509978285,-127729.94864371144
2026-03-10 03:01:33,-186149.1672700941,-153789.11072031996,-271522.80955829105,-212679.42484741902,-146940.51929243817,-196331.19547601804
2026-03-10 03:02:03,-109499.56898037998,-165046.1708216958,-163987.5866349436,-158013.17195958758,-155050.3086100479,-123648.9086583221
2026-03-10 03:02:33,-77910.83373560445,-122479.62209502794,-75743.91421281292,-76480.34618302186,-102550.20343424592,-98862.94048686298
2026-03-10 03:03:03,-69263.47367332161,-99848.83279886901,-83781.35236715976,-76941.69166580464,-60907.07216992518,-58793.420916520125
2026-03-10 03:03:33,-90263.77681219394,-155995.4479619284,-160367.61155941788,-129948.20332436719,-113084.14373405062,-77974.58445410029
2026-03-10 03:04:03,-97712.56163580567,-109285.50739629669,-114589.56587703874,-132886.69356229098,-101396.57253198167,-83381.1247888004
2026-03-10 03:04:33,-145795.1379310345,-139899,-134522.8620689655,-193985.5172413793,-135411.27586206896,-135865.06896551725
2026-03-10 03:05:03,-204881.21099272437,-155085.20395848417,-240498.74142270954,-185706.56184269505,-159442.29509327264,-174197.5449122444
2026-03-10 03:05:33,-83829.40791061759,-84362.11593503223,-85152.41904893272,-110921.27314734989,-137659.81585571915,-97179.35101210386
2026-03-10 03:06:03,-56864.915184112535,-99654.53040959866,-66867.19073231278,-102693.52503103019,-100269.51454971728,-79084.98827747896
2026-03-10 03:06:33,-117444.4674321575,-207283.12816799417,-107127.30595496706,-125816.00634460879,-132709.76862866795,-78093.65194303644
2026-03-10 03:07:03,-100817.7022274326,-134573.37425005174,-88075.68443555618,-168872.66395421006,-79978.44976208538,-99902.45500310324
2026-03-10 03:07:33,-92323.45942963549,-90688.40304838096,-99325.87330597606,-134296.941273837,-67951.17073002516,-65871.23693920478
2026-03-10 03:08:03,-101836.0056549774,-137006.65494293298,-176370.64239164165,-74488.05213613322,-105736.11254784316,-107971.62166821833
2026-03-10 03:08:33,-77662.89655172413,-146366.6551724138,-63752,-104078.55172413793,-126301.41379310345,-124965.06896551725
2026-03-10 03:09:03,-90536.5332229923,-100274.74914658115,-130333.95400158614,-84163.40815833936,-82449.74311230646,-103606.53080928243
2026-03-10 03:09:33,-128151.19630051605,-191997.9894108974,-151795.0539508076,-163976.7441860465,-185652.80477179814,-134253.93740365928
2026-03-10 03:10:03,-196568.47260061384,-168450.77076938993,-269574.92154360795,-250280.68420871123,-187892.43714867055,-187545.6426526882
2026-03-10 03:10:33,-117597.44827586207,-110521.6896551724,-121376,-136116.58620689655,-109263.31034482758,-107238.13793103448
2026-03-10 03:11:03,-151995.1032794234,-201929.51481085553,-122963.92979068242,-187973.0335528811,-153801.82075243973,-127822.58008896856
2026-03-10 03:11:33,-236268.81831660974,-110947.622495776,-201835.10913416775,-185324.43708837623,-116019.03382641976,-103839.4193303679
2026-03-10 03:12:03,-172048.2447065315,-167243.12021518726,-227668.21849782742,-256556.4521691151,-207364.12856059038,-235654.63135388648
2026-03-10 03:12:33,-174424.1473255854,-316481.18770907336,-167904.0590405904,-222523.46794495982,-171135.80715246405,-181386.69517536295
2026-03-10 03:13:03,-164654.55172413794,-184742.06896551725,-138788.6896551724,-182372,-189171.0344827586,-128578.37931034483
2026-03-10 03:13:33,-140489.75862068965,-116242.86206896552,-211511,-184500.3103448276,-134531.93103448275,-143582
2026-03-10 03:14:03,-120554.73168712927,-136164.0571113257,-67680.02483101118,-77619.94757897641,-91856.98027314113,-74719.37508621879
2026-03-10 03:14:33,-37706.98572512241,-66633.74939659334,-36118.888352527414,-25170.608923522515,-17677.53948003586,-40127.542928073926
2026-03-10 03:15:03,-20220.19171091649,-82892.35225156887,-10329.804841045445,-54680.7116750569,-37068.47803599752,-10311.357837390526
2026-03-10 03:15:33,-150981.1724137931,-117682.31034482758,-180797.79310344826,-136605.3448275862,-162715.2068965517,-112092.41379310345
2026-03-10 03:16:03,-134725.92158350287,-169156.66057450254,-200139.83240801404,-330158.4537397841,-223124.93534259798,-238367.84027035412
2026-03-10 03:16:33,-242711.27586206896,-205782.1379310345,-282216.6206896552,-205044,-265291.0689655172,-221546.6551724138
2026-03-10 03:17:03,-123846.27586206897,-114551.31034482758,-124057.06896551725,-119145.5172413793,-98139.6551724138,-106305.86206896552
2026-03-10 03:17:33,-55256.620689655174,-67134.89655172413,-57493.58620689655,-61965.3448275862,-55368.8275862069,-53287.24137931034
2026-03-10 03:18:03,-69698.37931034483,-69824.72413793103,-44722.93103448276,-102631.93103448275,-56319.206896551725,-54381.51724137931
2026-03-10 03:18:33,-47024.1395958342,-52268.7081867715,-53158.87302572591,-49165.77005310711,-49052.796744603074,-46720.84281674598
2026-03-10 03:19:03,-64937.82544225662,-93840.27035415013,-115340.11517638537,-67817.89027207834,-70019.27652677678,-57342.011793510115
2026-03-10 03:19:33,-75650.03448275862,-59030.96551724138,-125681.20689655172,-61637.137931034486,-64935.13793103448,-49447.41379310345
2026-03-10 03:20:03,-152280.235886471,-114888.81608442252,-212021.4160085526,-176354.8642963065,-196113.42552677862,-182422.21609131977
2026-03-10 03:20:33,-148178.2352332678,-148135.5125685321,-152643.87434916035,-200803.4895348436,-239158.5807385952,-148963.10472052687
2026-03-10 03:21:03,-91698.93103448275,-115058.1724137931,-133178.27586206896,-84513.6551724138,-118132.62068965517,-94460.44827586207
2026-03-10 03:21:33,-78718.52694734665,-96311.67890762388,-120412.95127754216,-60343.09161753044,-58453.7084928106,-78557.67042515776
2026-03-10 03:22:03,-87042.13938411669,-107533.70805889857,-79139.59102038,-60204.90361736611,-49459.705507086444,-58188.93754957067
2026-03-10 03:22:33,-96502.32782701659,-74679.44959823429,-92253.47449736179,-103763.6996930717,-44491.775011208054,-33677.51836396869
2026-03-10 03:23:03,-96328.16056279745,-104076.69494447895,-101386.02662252571,-63727.015656252166,-67648.63094006485,-69421.82219463412
2026-03-10 03:23:33,-64577.46818855822,-73766.95748129245,-79656.19504120831,-68527.08714093588,-66697.95510190005,-64640.228973412864
2026-03-10 03:24:03,-128641,-58525.1724137931,-113721.20689655172,-112970.03448275862,-94493.24137931035,-64288.8275862069
2026-03-10 03:24:33,-200270.73347356802,-133216.24883616675,-148709.36928859615,-144867.96096417116,-119526.70781751093,-167443.2911479706
2026-03-10 03:25:03,-98050.79485499498,-108525.1215559157,-115181.04072554225,-125588.50305182935,-132080.8993413566,-117130.62519397218
2026-03-10 03:25:33,-154036.34733429892,-118976.75701772535,-188726.2224981033,-174944.92723636114,-155955.1348368853,-119730.53314021656
2026-03-10 03:26:03,-103926.4650218506,-93809.22886342522,-223214.1013729741,-126162.38257458451,-88328.89439454941,-142950.55228656964
2026-03-10 03:26:33,-196808.79969656217,-202324.50605151543,-152402.2619909658,-285017.3442295093,-132949.96724250886,-142120.85790145164
2026-03-10 03:27:03,-186783.24885348778,-226417.98558670387,-183627.11630633424,-194765.18051101684,-137938.24350884452,-159649.52932657494
2026-03-10 03:27:33,-301306.0689655172,-220359.62068965516,-245589.72413793104,-240949.24137931035,-258319.3448275862,-168556.62068965516
2026-03-10 03:28:03,-204352.29819661393,-184323.02334402263,-192696.11392710597,-215188.16592531293,-242188.64866728734,-190708.97555256716
2026-03-10 03:28:33,-113288.21156432094,-56507.25786987554,-123105.95455642522,-51642.0025514602,-51420.2668689446,-68140.12343550668
2026-03-10 03:29:03,-27655.989242121235,-29464.00248258741,-43753.25839597269,-85433.86662988759,-62988.4145920971,-61004.68933177023
2026-03-10 03:29:33,-67307.06896551725,-52567.448275862065,-68708.55172413793,-86383.6551724138,-46850.89655172414,-44816.65517241379
2026-03-10 03:30:03,-53109.31034482759,-135869.44827586206,-135415.6551724138,-113467.1724137931,-52299.1724137931,-110743.44827586207
2026-03-10 03:30:33,-84468.84375323285,-97928.27338873752,-124017.1730059657,-104810.2693196317,-144367.25404324284,-99655.29845856753
2026-03-10 03:31:03,-134896.79310344826,-159697.3793103448,-136890.06896551725,-196750.44827586206,-177129.8275862069,-146381.8620689655
2026-03-10 03:31:33,-51333.206896551725,-65519.275862068964,-47925.3448275862,-83348.4827586207,-74097.4827586207,-43917.724137931036
2026-03-10 03:32:03,-94043.3448275862,-109073.41379310345,-93420.86206896552,-137255.41379310345,-107801.93103448275,-88159.06896551725
2026-03-10 03:32:33,-51174.89052101651,-81642.83990207233,-95399.22761284093,-50503.74125030171,-37483.53505051549,-57594.11744422605
2026-03-10 03:33:03,-26559.655172413793,-66407,-55142.96551724138,-69136.96551724138,-62594.68965517241,-40392.51724137931
2026-03-10 03:33:33,-111945.3391730179,-144361.41669827912,-125599.1999172328,-98850.81215298134,-106676.20788357416,-76078.35293306204
2026-03-10 03:34:03,-113521.18892451985,-173057.34285024655,-148616.11668563154,-104237.78490396884,-81947.2431985104,-72009.6203579187
2026-03-10 03:34:33,-109873.46966927614,-155846.12201262199,-103264.47563541056,-79780.59799289581,-81203.71072869607,-103557.0921129772
2026-03-10 03:35:03,-80631.9817956144,-74246.13846366019,-110335.26410150324,-126021.58322989932,-80443.07681699075,-93430.63025789546
2026-03-10 03:35:33,-149643.8275862069,-285220.6206896552,-196226.27586206896,-224150.0344827586,-196011.0344827586,-184208.75862068965
2026-03-10 03:36:03,-164350.2068965517,-145764.5172413793,-217147.3793103448,-214455.41379310345,-176619.44827586206,-174915.41379310345
2026-03-10 03:36:33,-155697.72413793104,-171012.8275862069,-120404.58620689655,-112959.5172413793,-147240.41379310345,-112278.93103448275
2026-03-10 03:37:03,-44050.72588709955,-57666.74712921134,-70513.6728852719,-46384.94430842442,-45969.10238284078,-44005.37949584468
2026-03-10 03:37:33,-84230.3341725006,-101062.2133324137,-61598.30327275235,-111720.17794944304,-33294.68565713694,-73031.45152946857
2026-03-10 03:38:03,-89043.96400124134,-50518.80969621737,-104589.94517430435,-50581.186855625674,-61250.02586117721,-45161.546153580915
2026-03-10 03:38:33,-117580.91100306888,-116702.14820178616,-105620.87514223649,-88359.84966035654,-96470.6044619151,-135446.4328816248
2026-03-10 03:39:03,-128636.52041942603,-90972.9235651214,-94390.86644591611,-142872.82698675495,-87071.01959161148,-121761.89983443708
2026-03-10 03:39:33,-94519.58215541612,-115899.36564848652,-68333.44825208577,-162756.53313107634,-96558.09142935944,-67560.98738192099
2026-03-10 03:40:03,-49710.47277492327,-54904.962240077235,-54455.56743335976,-72396.11710748645,-68791.30314838442,-49675.540535880544
2026-03-10 03:40:33,-77962.82886797006,-62776.697355263605,-67918.83038515912,-114454.08779007618,-96969.13899520705,-77946.31219613116
2026-03-10 03:41:03,-48485.08569261008,-89331.14934997757,-66189.59274457739,-139366.4264284975,-55009.31066588502,-60518.08683058036
2026-03-10 03:41:33,-67048.37931034483,-132014.75862068965,-106506.13793103448,-79676.1724137931,-62779,-67028.31034482758
2026-03-10 03:42:03,-73861.38409020378,-127637.46077721457,-141541.87786628047,-117223.47505258438,-74546.5673597462,-87117.09941036515
2026-03-10 03:42:33,-37227.352667333354,-50648.19476533673,-57830.235525362936,-93657.22955963998,-45942.7221628332,-67464.46429187212
2026-03-10 03:43:03,-135846.3103448276,-129251.96551724138,-138873.3448275862,-61038.48275862069,-73431.75862068965,-106901.6551724138
2026-03-10 03:43:33,-81952.34318424771,-99802.78630297595,-118824.51119004101,-113977.93027345769,-94487.98234421875,-122030.07000241386
2026-03-10 03:44:03,-71844.06896551725,-70723.3448275862,-108897,-120079.86206896552,-50599.1724137931,-71385.86206896552
2026-03-10 03:44:33,-69389.4827586207,-64117.93103448276,-56069.55172413793,-87293.79310344828,-67454.93103448275,-72173.6896551724
2026-03-10 03:45:03,-61041.9684116146,-52639.21649768951,-61958.617835712816,-64974.20511759433,-56138.11297330851,-43601.006965997665
2026-03-10 03:45:33,-115067.31266595398,-124371.15072933548,-126206.0071036932,-151660.88485809852,-169040.8289941032,-102945.75675023276
2026-03-10 03:46:03,-102859.69933108061,-156382.59430384112,-167823.59837252603,-116830.56340942005,-101105.23412178471,-113402.55844424522
2026-03-10 03:46:33,-123914.20689655172,-76272.8275862069,-73584.10344827586,-104104.79310344828,-76419.13793103448,-74380.4827586207
2026-03-10 03:47:03,-117048.62236628847,-73324.39049622399,-108179.1096244698,-103135.5908824442,-58857.44336011586,-88929.10100348287
2026-03-10 03:47:33,-85285.3448275862,-101298.44827586207,-112955.44827586207,-113589.55172413793,-71594.5172413793,-74453.89655172413
2026-03-10 03:48:03,-101751.93103448275,-92453.58620689655,-92597.79310344828,-115000.41379310345,-93212.37931034483,-124135.31034482758
2026-03-10 03:48:33,-72536.94700182752,-80642.56404951552,-70096.37598703492,-65999.99999999999,-73679.63173683666,-72566.56667011481
2026-03-10 03:49:03,-115074.27842339389,-152768.19890341043,-125821.33866685057,-138156.35021897304,-98089.65826407805,-125529.01824200833
2026-03-10 03:49:33,-126294.58620689655,-111479.5172413793,-167144.89655172414,-98094.06896551725,-96350.86206896552,-105865.58620689655
2026-03-10 03:50:03,-33656.183185047244,-35655.87281881509,-36813.29746879095,-39120.42209807573,-54882.819504793435,-33863.99062004276
2026-03-10 03:50:33,-58920.06620917962,-92700.64484982239,-168964.41256595054,-80842.09800337942,-80839.16686782302,-94489.9134452912
2026-03-10 03:51:03,-69998.13805944417,-100512.20605475485,-100301.2206054755,-73370.76753327357,-97179.16005792705,-69438.14219708985
2026-03-10 03:51:33,-118327.14921204178,-63386.25469843787,-117923.72150763818,-110700.3344942929,-98079.3820476568,-58154.212214214276
2026-03-10 03:52:03,-49205.923933657454,-50922.38198682803,-39144.8915554636,-65927.17492500258,-29081.10065170166,-34526.11978897279
2026-03-10 03:52:33,-96476.77506120899,-79745.33604607054,-80363.59874478429,-78063.17459222731,-61163.522880099306,-66605.29673437015
2026-03-10 03:53:03,-133466.1379310345,-167550.75862068965,-103397.8275862069,-97543.06896551725,-118894.93103448275,-132730.8620689655
2026-03-10 03:53:33,-79500.6896551724,-105282.27586206897,-104081.89655172413,-156572.89655172414,-132817.79310344826,-146862.58620689655
2026-03-10 03:54:03,-94234.11152108692,-107487.87889237558,-82665.22983551156,-102800.30345873995,-86980.2751819028,-104885.40984171866
2026-03-10 03:54:33,-91395.96551724138,-39835.275862068964,-36900.10344827586,-63540.448275862065,-37748.58620689655,-35525.65517241379
2026-03-10 03:55:03,-120571.6896551724,-143669.58620689655,-165156.6896551724,-83821.75862068965,-57476.793103448275,-96592.5172413793
2026-03-10 03:55:33,-114211.74604269407,-133527.91668103597,-116562.05814394592,-160553.09169914128,-57796.254784977755,-48156.981756733454
2026-03-10 03:56:03,-148165.25876633453,-152600.66200048273,-148389.33903389308,-164596.93824776748,-105456.2976243837,-120965.31393304143
2026-03-10 03:56:33,-168988.20648987894,-110129.86654712229,-136838.40822097313,-69413.08320976584,-94622.29732059725,-92814.7522328356
2026-03-10 03:57:03,-76488.63832281645,-87038.96417364918,-124453.12230612736,-58011.58580738594,-70071.27340436536,-97102.47922485431
2026-03-10 03:57:33,-116886.44827586207,-66779,-95778.75862068965,-90797.72413793103,-90111.37931034483,-89381.89655172413
2026-03-10 03:58:03,-108543.19412353002,-68033.03790047247,-134295.61678794358,-115212.26333758664,-104173.70762492671,-111088.42294030417
2026-03-10 03:58:33,-55347.643184717774,-96802.76542188201,-89681.70063101273,-75548.8776249095,-48954.69121754423,-46938.51936140133
2026-03-10 03:59:03,-86922.27318183385,-117356.42608365804,-96905.44501534534,-123071.72661126243,-82638.60822786992,-79011.69005827786
2026-03-10 03:59:33,-106997.72405945031,-115183.00631056241,-146462.8780302769,-147211.5590192765,-113179.48894789474,-101053.65702265594
2026-03-10 04:00:03,-138912.0375159477,-195139.44346746663,-176917.20975138785,-171231.81959242784,-145231.50925830143,-137758.69797593183
2026-03-10 04:00:33,-213452.43267473532,-305907.03768835554,-302744.8019033826,-382465.3287817661,-211171.7182166132,-292908.38246957
2026-03-10 04:01:03,-180947.85847299814,-124548.69301331126,-178440.03034692048,-176277.9502034623,-175082.07462583625,-188750.81040071728
2026-03-10 04:01:33,-139833.41369334623,-148300.73012811685,-201631.5952610553,-160007.71456123437,-130147.5754236121,-119813.02521008406
2026-03-10 04:02:03,-98003.60559760102,-94615.80751106668,-68153.57703841211,-108170.56975581894,-57171.997715264886,-89305.29772954449
2026-03-10 04:02:33,-68507.84401613627,-134025.6869978968,-55049.06388994242,-56249.11216081096,-55949.005275316355,-68436.2996931352
2026-03-10 04:03:03,-148331.06896551725,-161994.0344827586,-96834.72413793103,-126919.31034482758,-66607.44827586207,-89804.03448275862
2026-03-10 04:03:33,-130619.33659747604,-90795.60030342736,-101122.06054754845,-106603.1652989449,-96324.83966622992,-107803.11702641197
2026-03-10 04:04:03,-122970.48377642149,-171032.61956484258,-191929.79552429225,-121926.62321988895,-126933.65746008756,-104540.015861522
2026-03-10 04:04:33,-54045.23981931658,-77751.80166201165,-66777.35250508603,-73848.72935416021,-95625.66808041102,-109138.58142822662
2026-03-10 04:05:03,-172227.35266733333,-132814.78671678333,-176945.44639470323,-90989.99965516051,-138059.76068140278,-91388.11683161487
2026-03-10 04:05:33,-107542.86206896552,-107681.5172413793,-132173.5172413793,-168120.41379310345,-130691.41379310345,-118074.48275862068
2026-03-10 04:06:03,-121417.27586206897,-134030.10344827586,-165641.5172413793,-123212.86206896552,-110231.62068965517,-107241.31034482758
2026-03-10 04:06:33,-238237.1379310345,-186979.6896551724,-185701.75862068965,-154015.6896551724,-163687.8620689655,-151366.3448275862
2026-03-10 04:07:03,-125210.0472364928,-96183.29138364998,-134318.03606523466,-112503.29276281765,-89451.26366237976,-102489.98379477987
2026-03-10 04:07:33,-192715.75862068965,-88820.79310344828,-158024.6896551724,-98277.96551724138,-113598.8275862069,-109326.44827586207
2026-03-10 04:08:03,-65515.39708265801,-106029.00100003446,-65979.51653505293,-56291.80316562639,-73726.50781061414,-65811.8210972792
2026-03-10 04:08:33,-59635.89655172414,-72479.4827586207,-29730.41379310345,-53461.41379310345,-65557.86206896552,-43820.93103448276
2026-03-10 04:09:03,-36512.65517241379,-39510.75862068965,-39250.31034482759,-39349.1724137931,-70658.31034482758,-35985.48275862069
2026-03-10 04:09:33,-73324.31034482758,-128593.3448275862,-63891.862068965514,-87712.10344827586,-84913.86206896552,-69796
2026-03-10 04:10:03,-75750.39663378631,-33308.92598468649,-52544.52645374906,-32819.134993446925,-67822.79092225978,-48101.296820031734
2026-03-10 04:10:33,-109564.79470472643,-156870.4450649843,-95128.58965077394,-110169.20053780121,-78968.42141552038,-99618.71272451477
2026-03-10 04:11:03,-164772.93103448275,-161183.6896551724,-137842.3793103448,-173744.2068965517,-149409.3448275862,-170022.55172413794
2026-03-10 04:11:33,-150344.41379310345,-149965.1379310345,-123689.03448275862,-123985.5172413793,-116430.72413793103,-114410.6896551724
2026-03-10 04:12:03,-67399.28280808221,-63781.256465071376,-96699.50348251846,-100794.91069581409,-71090.61444038342,-111735.914764499
2026-03-10 04:12:33,-103178.131788559,-65286.231509258294,-96800.97238026274,-83622.49577600771,-70377.40077928346,-67001.89648632806
2026-03-10 04:13:03,-208865.1724137931,-110468.62068965517,-287464.4827586207,-193436.8620689655,-142396.5172413793,-188430.55172413794
2026-03-10 04:13:33,-334192.52923119377,-370704.1354809782,-326689.0283861622,-253378.22922774465,-261132.65270927467,-252680.06070430795
2026-03-10 04:14:03,-128046.5388858246,-140280.43987865417,-220767.02978488692,-151692.60204081633,-100640.09928295642,-143711.66574738003
2026-03-10 04:14:33,-203523.93103448275,-132572.3448275862,-126824.79310344828,-75930.58620689655,-76964.5172413793,-97569.93103448275
2026-03-10 04:15:03,-73150.72413793103,-149613.8275862069,-92992.96551724138,-73996.96551724138,-91194.41379310345,-74434.3448275862
2026-03-10 04:15:33,-26857.349746560467,-33090.03137822834,-11227.164580531708,-47739.9400020689,-35030.99893107134,-18265.197751801665
2026-03-10 04:16:03,-39899.24137931035,-43740.448275862065,-41508.620689655174,-39834.862068965514,-58835.448275862065,-38705.68965517241
2026-03-10 04:16:33,-150987.6896551724,-198893.93103448275,-177513.9655172414,-144012.1724137931,-175607.5172413793,-155565.8620689655
2026-03-10 04:17:03,-171263.72413793104,-156077.0344827586,-184662.06896551725,-149091.1379310345,-147436.3448275862,-167709.5172413793
2026-03-10 04:17:33,-81879.93517464916,-92869.31485121204,-132821.178580049,-121099.92758870385,-84113.58229026585,-128374.4353642978
2026-03-10 04:18:03,-101971.27487154728,-68625.40087589226,-83884.03048380978,-161093.48598227522,-100307.28645815371,-85232.55974343941
2026-03-10 04:18:33,-81740.27586206897,-65779.27586206897,-87561.20689655172,-80075.79310344828,-64369.10344827586,-62428.3448275862
2026-03-10 04:19:03,-64172.92507154925,-67359.84966035653,-109119.23726768041,-52029.27485259128,-50727.52663701251,-48693.217475259466
2026-03-10 04:19:33,-80047.22672274122,-71349.61563652659,-59751.008307766555,-55515.11599848323,-58309.14543762281,-33350.33954979489
2026-03-10 04:20:03,-81192.88447616092,-106254.83503981796,-103390.4919502189,-153027.51060088942,-83599.54493742889,-73667.6319509084
2026-03-10 04:20:33,-28583.393676080133,-76681.90752043032,-38729.28519706216,-58657.52905072238,-40083.34195372573,-55252.81886831488
2026-03-10 04:21:03,-161919.4538307703,-133429.03937659474,-150308.1856423695,-123204.43417695332,-91480.41514378319,-119515.41273015655
2026-03-10 04:21:33,-77071.10099651736,-129303.88607289402,-98740.00896520808,-99618.49591393399,-105827.14389158993,-121869.41829592081
2026-03-10 04:22:03,-201061.93103448275,-91169.6896551724,-109566.24137931035,-102557.58620689655,-78153.75862068965,-164890.9655172414
2026-03-10 04:22:33,-192020.65446019106,-177024.41295127757,-123074.72156132548,-170054.99810351367,-126836.93665735665,-173424.74397434574
2026-03-10 04:23:03,-98768.35281542016,-127218.95796696667,-126982.9661046171,-142759.0083100583,-85928.17489052103,-108170.13206441158
2026-03-10 04:23:33,-112064.65294300196,-66586.1177200786,-120455.43257129063,-64856.86700458604,-65584.91086514258,-67111.54787765938
2026-03-10 04:24:03,-107897.72766456328,-108845.38464190888,-134468.81142029582,-66315.644288128,-73769.9044860522,-111522.32681631666
2026-03-10 04:24:33,-98705.26170608924,-92297.60016550584,-82812.4267291911,-111148.6794014206,-88638.30080684091,-77812.94393490105
2026-03-10 04:25:03,-110671.91972136969,-77575.08879616538,-208670.36794372217,-143412.63491844543,-123621.71109348597,-107444.15324666366
2026-03-10 04:25:33,-53804.33808062346,-61759.819304113924,-59100.141384185656,-56219.66274699127,-82496.94817062657,-54835.959860684845
2026-03-10 04:26:03,-107195.8275862069,-130039.1724137931,-119744.58620689655,-106300.55172413793,-143811.9655172414,-130885.13793103448
2026-03-10 04:26:33,-32746.853339770332,-36142.108348563735,-35628.05613986689,-36105.34846029173,-61156.00537949584,-63593.74461188316
2026-03-10 04:27:03,-56709.724137931036,-95543.96551724138,-67085.93103448275,-52780.793103448275,-56591.24137931034,-89801.24137931035
2026-03-10 04:27:33,-75810.13793103448,-50343.58620689655,-96580.6551724138,-103069.93103448275,-90318.58620689655,-34766.31034482759
2026-03-10 04:28:03,-104402.64128823145,-64043.20540671012,-105013.51677528361,-69846.90183097136,-59063.44608806593,-56983.4488465915
2026-03-10 04:28:33,-42243.793103448275,-47606.48275862069,-65823.3448275862,-81340.6896551724,-64984.89655172414,-42237.31034482759
2026-03-10 04:29:03,-57854.06393323907,-31240.387599572394,-62073.31287285768,-60741.956619193756,-29380.530363115966,-29473.80944170488
2026-03-10 04:29:33,-97384.05572221646,-57257.68076962863,-60716.04427433536,-87695.66566670114,-57504.29295541532,-68405.29636909072
2026-03-10 04:30:03,-135047.55008447982,-92896.76218061445,-113419.43381262713,-109312.36853901588,-163357.57387676285,-113926.38184890174
2026-03-10 04:30:33,-156324.44827586206,-163087.41379310345,-92288.96551724138,-144583.6551724138,-158951.6896551724,-156818.9655172414
2026-03-10 04:31:03,-88521.01796613674,-66783.99255146728,-113860.7538190972,-89179.7303355288,-84736.68057519224,-61112.00386220214
2026-03-10 04:31:33,-148614.79310344826,-129978.96551724138,-161051.5172413793,-146259.0344827586,-130370.58620689655,-123957.93103448275
2026-03-10 04:32:03,-136054.75862068965,-116815.55172413793,-142128.62068965516,-116253.86206896552,-91567.89655172413,-103656.75862068965
2026-03-10 04:32:33,-200259.72413793104,-157052.41379310345,-213336.6551724138,-170043.8275862069,-103800.24137931035,-111059.41379310345
2026-03-10 04:33:03,-110560.42895072582,-106803.86883210922,-182292.95541533048,-175141.16754594666,-120447.9500706872,-128306.92045101892
2026-03-10 04:33:33,-112631.86566906873,-135991.51811881532,-90272.79936558288,-150655.89766575873,-127027.27304071994,-110175.395648726
2026-03-10 04:34:03,-111449.39829661045,-86358.53936071169,-98805.86876314609,-83023.1026516327,-104387.05561877176,-111930.55411882348
2026-03-10 04:34:33,-179408.27586206896,-252793.79310344826,-269655.3793103448,-251357.6551724138,-169367.6551724138,-164953.89655172414
2026-03-10 04:35:03,-260834.78170908344,-274309.91792537423,-233984.68859921378,-225152.70018621976,-207157.18325401755,-194357.47292916756
2026-03-10 04:35:33,-87594.71760568237,-94292.66947107097,-80218.36425074133,-82854.18247017448,-48307.11675056893,-34922.66050617199
2026-03-10 04:36:03,-83889.90034826384,-53573.22161304782,-62949.622426812864,-104852.14302955069,-59411.261680631695,-62336.05737733181
2026-03-10 04:36:33,-49468.80926928514,-74549.9499982758,-80364.94361874546,-94629.26307803715,-45926.65264319459,-68295.83778750991
2026-03-10 04:37:03,-92035.13914272905,-59207.524397393005,-67752.85354667401,-77084.9339632401,-57653.36735749508,-70127.90096210213
2026-03-10 04:37:33,-139269.5079480018,-191430.77824902587,-106936.14013309884,-126335.8849694838,-72150.92583014378,-134673.63194372607
2026-03-10 04:38:03,-187121.4995171748,-110198.47565181405,-125031.45261415368,-79610.73941233274,-98078.59704786868,-119173.05835287627
2026-03-10 04:38:33,-87328.58620689655,-84186.72413793103,-101882.86206896552,-88129.79310344828,-110334.72413793103,-90802
2026-03-10 04:39:03,-55683.30862324588,-82437.57542323209,-78392.37320277214,-96738.1305382202,-84022.72178740131,-86984.17405096025
2026-03-10 04:39:33,-58996.24396967609,-62401.96416264646,-82068.88352860097,-99337.42246726397,-93962.06064782909,-89779.15230875259
2026-03-10 04:40:03,-51296.32821927254,-72199.13807964143,-37665.85071539389,-57815.65247371142,-35541.76866057576,-33595.31115324944
2026-03-10 04:40:33,-40442.70887210786,-51685.907382504054,-73404.3653667115,-87667.66663218511,-61276.059446226,-46864.8322471639
2026-03-10 04:41:03,-94724.96206373294,-69087.28790177956,-102788.93640502139,-64222.0651124293,-85597.04786867155,-71553.07628638433
2026-03-10 04:41:33,-92129.8396828133,-55935.83864850887,-89670.09136355801,-76592.00137907256,-50280.60679193242,-48260.6447164282
2026-03-10 04:42:03,-72148.58108341091,-92953.07058377296,-102014.34433295402,-95753.11196165648,-57215.578773145746,-55355.64290886521
2026-03-10 04:42:33,-132925.6602992897,-126522.48120819255,-162432.52189504172,-180559.09937245707,-115281.39438659404,-136705.6754706572
2026-03-10 04:43:03,-105158.02903348161,-101250.68101099963,-101711.97544912246,-134681.63166787353,-88617.22009585876,-95745.11223750906
2026-03-10 04:43:33,-102636.3354251431,-109917.17812564652,-141562.34052823944,-145872.00882697746,-90471.00199986208,-104808.0822012275
2026-03-10 04:44:03,-134551.42926105994,-112773.62849556911,-58496.32771283748,-181954.5532912658,-131589.6693217475,-99341.43650218956
2026-03-10 04:44:33,-107102.59328229533,-61200.35864542382,-134537.58879922752,-154319.71170425546,-99650.38968204704,-97754.08648872336
2026-03-10 04:45:03,-64214.923623323324,-77474.39743457122,-39539.567601117196,-109827.38526257714,-82907.83076445639,-52668.83900555153
2026-03-10 04:45:33,-78144.22148669149,-87545.92470004137,-109182.9058060957,-89365.32892014894,-83519.99724175976,-85292.75272376224
2026-03-10 04:46:03,-28109.969309286524,-58020.44898099934,-46318.010965895366,-57911.82454567398,-30098.796510224485,-27980.344149798264
2026-03-10 04:46:33,-85305.14845339493,-76622.2283527018,-116649.71205903651,-152318.3902893203,-65498.60340011724,-70726.78368219592
2026-03-10 04:47:03,-73668.42522671631,-157436.88148684526,-133018.62004758455,-148427.15768421776,-75671.4251232716,-91650.90858935898
2026-03-10 04:47:33,-59588.427985241884,-32199.47588014206,-76043.1019620013,-87505.91358918657,-61560.39446915623,-59479.43174373297
2026-03-10 04:48:03,-76282.40405503257,-107298.12765077065,-172544.29157615252,-125720.07861797868,-70621.32340264128,-68727.4231923037
2026-03-10 04:48:33,-135354.3103448276,-126249.48275862068,-114824.55172413793,-95092.44827586207,-110409.48275862068,-55854.862068965514
2026-03-10 04:49:03,-41411.32452843201,-61382.84078761336,-43863.96082623538,-56209.93827373357,-95205.76571605916,-51500.94830856236
2026-03-10 04:49:33,-87630.95279147556,-51024.58705472602,-48533.88047863719,-36976.89575502603,-72339.9772405945,-53686.81678678574
2026-03-10 04:50:03,-134136.44357091136,-107763.52539567601,-89235.85393607117,-88258.23247474225,-107623.70263094376,-57208.303161959935
2026-03-10 04:50:33,-165571.3793103448,-200509.8275862069,-107939.96551724138,-118775.44827586207,-131241.9655172414,-86208.89655172413
2026-03-10 04:51:03,-179899.0034826385,-158962.27716285642,-179006.41357194577,-136153.16713216784,-130768.21488914173,-163024.93017482155
2026-03-10 04:51:33,-145782.42129581736,-183187.09699665528,-141861.38409020376,-205919.69242439914,-125614.32364401226,-129580.56618737284
2026-03-10 04:52:03,-131357.5985378806,-109611.81420048965,-153722.921480051,-169172.28180282077,-101879.71999034449,-140613.26252629398
2026-03-10 04:52:33,-126268.79977933319,-102115.57425093956,-105776.71275385306,-123684.06716546566,-101267.38613246907,-108405.130503741
2026-03-10 04:53:03,-110974.86293576084,-121653.28781766148,-146665.01155132582,-131245.09499672425,-129951.93269197615,-117356.88424537086
2026-03-10 04:53:33,-88148.37419399332,-213101.6861487535,-132608.3583324713,-135057.86007379057,-102612.97886279784,-95200.99306920452
2026-03-10 04:54:03,-62831.51143142866,-99014.89706541604,-64448.77409565846,-99315.11431428668,-69624.53877719921,-59511.12107314044
2026-03-10 04:54:33,-69150.23619875177,-57347.16044274335,-47875.86634943622,-48304.54122271645,-46361.435812558186,-44399.19313127133
2026-03-10 04:55:03,-102148.79310344828,-139648,-62755.3448275862,-65988.20689655172,-50563.862068965514,-86502.86206896552
2026-03-10 04:55:33,-56806.77860910941,-100106.50622349413,-117277.798848395,-100197.11753956489,-57018.963555494265,-63720.753025549086
2026-03-10 04:56:03,-94677.37931034483,-124559.41379310345,-99096.3448275862,-108667.03448275862,-103106.58620689655,-99840.86206896552
2026-03-10 04:56:33,-77255.73295630883,-81535.53570812785,-103695.71364529809,-77967.89544467049,-74755.54329459635,-83100.48622366287
2026-03-10 04:57:03,-62606.49632771283,-83147.68456260128,-111649.08106617013,-66412.53749870694,-72569.2217509741,-76137.13320230336
2026-03-10 04:57:33,-123697.6896551724,-67514.4827586207,-104972.6896551724,-108391.8275862069,-60441.724137931036,-71059.58620689655
2026-03-10 04:58:03,-113141.79310344828,-147214.58620689655,-67652.4827586207,-177935.5172413793,-112769.24137931035,-71075.93103448275
2026-03-10 04:58:33,-108448.03448275862,-110819.6551724138,-118467.55172413793,-158542.75862068965,-97612.41379310345,-83919.89655172413
2026-03-10 04:59:03,-203194.2068965517,-303453.5517241379,-245025.0344827586,-326651.3103448276,-279106.2413793103,-209051.10344827586
2026-03-10 04:59:33,-87795.6136418497,-96822.71802475947,-132830.3389772061,-150383.3925307769,-103524.05255353631,-80609.88309941722
2026-03-10 05:00:03,-144776.81989034102,-138877.82337321976,-183953.86047794748,-98160.14345322251,-69584.02013862546,-100610.98658574432
2026-03-10 05:00:33,-157462.3448275862,-179857.41379310345,-204998.8620689655,-137171.79310344826,-107249.48275862068,-128640.8275862069
2026-03-10 05:01:03,-158282.40405503256,-174251.54305023962,-168431.39891727868,-165143.09851384434,-155734.7332850591,-146383.40057239405
2026-03-10 05:01:33,-134454.536050481,-138334.88500396538,-184452.60508258332,-106904.31364435708,-85756.00841350298,-107167.78731767868
2026-03-10 05:02:03,-75670.93103448275,-152028.75862068965,-94454.6551724138,-171539.10344827586,-158496.3448275862,-135941.10344827586
2026-03-10 05:02:33,-39917.58620689655,-41535.8275862069,-62452.93103448276,-84773.24137931035,-84227.62068965517,-79161.20689655172
2026-03-10 05:03:03,-73533.15174292316,-165198.28983208636,-94095.16256938939,-154315.76043857535,-96364.13474468159,-127938.66151777405
2026-03-10 05:03:33,-111130.4003034169,-123666.13798572563,-145262.04185773886,-190109.09216287974,-109677.44716063856,-121118.88425335311
2026-03-10 05:04:03,-109496.75862068965,-141730.75862068965,-103547.55172413793,-129611.58620689655,-98468.79310344828,-86207.93103448275
2026-03-10 05:04:33,-98646.10344827586,-142328.62068965516,-181133.8620689655,-216259.8620689655,-95186.8275862069,-98363
2026-03-10 05:05:03,-146116.371284739,-101195.15895455486,-148422.07433970072,-106320.87442245363,-80530.7220191711,-119275.3948003586
2026-03-10 05:05:33,-147783.83504017105,-121177.20078617979,-155802.3171614772,-131827.35078100755,-106754.31881659254,-111959.93241612359
2026-03-10 05:06:03,-94819.19442720187,-116483.51610455893,-123167.59776536313,-137766.29422718807,-111859.50755224498,-99630.49175805227
2026-03-10 05:06:33,-208668.586008344,-195427.6454159915,-290843.25759404205,-172353.27379926216,-177394.3040375134,-103069.37213391719
2026-03-10 05:07:03,-103201.19302117096,-132154.3341838494,-137258.39597269153,-114644.92103992829,-119572.44327977381,-126805.42721191642
2026-03-10 05:07:33,-106010.34518431668,-104003.37942687677,-144952.61905582948,-113829.30445877442,-94756.57781302802,-113164.7643022173
2026-03-10 05:08:03,-46080.238612461646,-53511.43064032275,-61024.06813558154,-81730.1472363022,-66825.4887762491,-42785.80048963829
2026-03-10 05:08:33,-88813.62711630634,-87528.70590669288,-76122.54749836214,-94628.42660597911,-65013.65470156202,-63483.98331092032
2026-03-10 05:09:03,-79237.96551724138,-77924.44827586207,-65209.03448275862,-68844.24137931035,-63929.41379310345,-61947.51724137931
2026-03-10 05:09:33,-44667.34475743889,-54650.380995069485,-31229.700375823195,-73968.10674757784,-46672.10288590836,-26547.736441057827
2026-03-10 05:10:03,-35880.1848084681,-67056.9596248664,-27638.589111471232,-121088.5770437541,-44803.70996103852,-44518.291211254014
2026-03-10 05:10:33,-136820.0220704876,-104752.18980619352,-84937.37499137872,-98132.3539554452,-88236.91289054418,-97660.63176770811
2026-03-10 05:11:03,-70875.13793103448,-164608.24137931035,-86366.37931034483,-2755.0344827586205,-111861.24137931035,-96895.89655172413
2026-03-10 05:11:33,-137899.26891509758,-192878.95716945996,-183734.2575350024,-186798.0895234154,-163106.62804331334,-170487.58535071384
2026-03-10 05:12:03,-122992.48275862068,-107086.55172413793,-112121.79310344828,-183656.3793103448,-165634.1379310345,-137236.24137931035
2026-03-10 05:12:33,-175619.16419557272,-199662.67843596995,-179495.82787393974,-174592.75222398457,-169018.2056409903,-147275.04999655197
2026-03-10 05:13:03,-91167.97130935549,-76695.7136452981,-112155.7984758095,-122147.90165178108,-47717.43853236318,-63715.67985102934
2026-03-10 05:13:33,-107289.49727604994,-114772.1881249569,-98352.97565685125,-140705.70995103786,-104407.73050134473,-102505.72374319013
2026-03-10 05:14:03,-101998.99996551604,-147396.77230249316,-116549.63964274629,-98454.77430256215,-92016.8626504362,-90062.31249353425
2026-03-10 05:14:33,-165441.256595055,-131156.31573502533,-104962.75733645986,-138465.9471016242,-81407.60026207799,-129530.81140728989
2026-03-10 05:15:03,-58623.862068965514,-113149.58620689655,-102395.6551724138,-138932.10344827586,-101257.6551724138,-119554.8275862069
2026-03-10 05:15:33,-90936.99782751128,-88900.82416635055,-102222.38697886132,-109920.85933997722,-72276.87161626262,-94754.12945273974
2026-03-10 05:16:03,-80725.07417373906,-87563.06492789624,-96789.93307113781,-149205.30600979785,-103154.07438073555,-142233.35403298147
2026-03-10 05:16:33,-143513.3112628457,-101540.55452100144,-130717.63569901373,-121417.7184633423,-136419.4772053245,-123659.01096627353
2026-03-10 05:17:03,-81727.98124008552,-110581.10904200289,-135887.19911718048,-102698.39299262018,-129273.39816539071,-95689.3578867508
2026-03-10 05:17:33,-218100.72066480468,-148379.88345229477,-157058.13592634737,-173493.74159511743,-166222.09578980037,-118057.23940553775
2026-03-10 05:18:03,-147986.0344827586,-200705.2068965517,-187148.79310344826,-287651.7931034483,-179720.1379310345,-130426.3448275862
2026-03-10 05:18:33,-83621.5433418385,-144741.36266464382,-111546.47955313427,-97372.69843459073,-93021.44679677264,-105961.62333632163
2026-03-10 05:19:03,-148152.31559708953,-164735.95641229005,-98204.5932618366,-127827.78716507464,-74219.8696506776,-79110.38311665918
2026-03-10 05:19:33,-125551.1414580316,-104061.79736533556,-121203.18642665014,-110815.88385405892,-156241.0511069729,-98193.66852886407
2026-03-10 05:20:03,-120140.02482587408,-107401.17922901869,-131636.92159161437,-170217.32983932144,-112440.03861802634,-128338.63181849528
2026-03-10 05:20:33,-55168.54591220992,-80550.91203751594,-100791.21409606564,-100122.0647563877,-118544.94672597495,-86243.5778076618
2026-03-10 05:21:03,-125941.82959208304,-116155.09810006553,-89224.33709182443,-87631.1506499776,-118122.85783248855,-114597.87593531258
2026-03-10 05:21:33,-41317.74766387366,-57014.758111789255,-49473.707803179204,-85014.34433295405,-39757.00837902142,-63795.6967001138
2026-03-10 05:22:03,-78242.27586206897,-95347.55172413793,-134935.41379310345,-93044.37931034483,-75339.06896551725,-67670.31034482758
2026-03-10 05:22:33,-62485.55172413793,-69692.13793103448,-93932.93103448275,-77467.37931034483,-64573.68965517241,-62596.862068965514
2026-03-10 05:23:03,-42192.85541877866,-56333.195407054925,-109483.9833109203,-109141.13306437708,-52684.76949070721,-88341.19513120236
2026-03-10 05:23:33,-107888.3525274119,-131437.00434452796,-102406.17888421488,-115500.03448038067,-46932.00468933177,-55687.22846700228
2026-03-10 05:24:03,-70738.72413793103,-146471.4827586207,-129847.5172413793,-113096.06896551725,-82680.62068965517,-115215.48275862068
2026-03-10 05:24:33,-145522.3793103448,-185747.89655172414,-143022.3448275862,-128308.24137931035,-152532.8275862069,-126342.96551724138
2026-03-10 05:25:03,-144155.3578816715,-119451.90318576747,-131354.98551923872,-124161.943180251,-128898.39332505861,-93367.15625430974
2026-03-10 05:25:33,-87738.0254491534,-64974.619814476355,-81050.794854995,-62225.86985758129,-89835.61502120762,-67586.91679023414
2026-03-10 05:26:03,-80216.06151512018,-72786.52460259992,-65993.79331747182,-65022.51646494949,-52123.44401917176,-51683.321264783975
2026-03-10 05:26:33,-113515.05120513086,-79099.06554946382,-105843.55711872005,-115266.3356435985,-113963.24264680529,-75367.60801351679
2026-03-10 05:27:03,-67262.92196820799,-57354.43605392917,-99667.8735216027,-72161.6495982897,-52090.47963863314,-77757.42215785662
2026-03-10 05:27:33,-90085.4049581078,-106610.66096610697,-99818.81184705031,-99623.2803503086,-77297.8312588353,-75355.273592387
2026-03-10 05:28:03,-62112.78921416504,-80037.79180028275,-84624.3922623358,-83596.18633840213,-64071.721664770186,-62004.586048756944
2026-03-10 05:28:33,-56592.3448275862,-125851.1724137931,-119395.79310344828,-143179.3103448276,-112084.79310344828,-56481.93103448276
2026-03-10 05:29:03,-131741.0778938657,-158750.8361780628,-183568.04937760765,-125471.67339057273,-116384.02124064686,-135428.74383641942
2026-03-10 05:29:33,-63206.00710369322,-85155.52260422772,-105896.4102210421,-117255.07776130209,-100173.07493361838,-112684.47187834061
2026-03-10 05:30:03,-172449.74311230646,-210020.7579048998,-183288.61073756075,-182910.96858729006,-159712.35474638804,-169402.3654356746
2026-03-10 05:30:33,-215355.73640470358,-251112.31421773162,-270691.85144315317,-225889.34101175898,-158533.01837994411,-158568.60581399358
2026-03-10 05:31:03,-142648.0466190821,-96446.8121788904,-118809.62725423262,-176252.1637184925,-87648.39143477812,-116725.59566911487
2026-03-10 05:31:33,-84914.62068965517,-102397.48275862068,-78947.79310344828,-101921.62068965517,-70160,-84772.10344827586
2026-03-10 05:32:03,-65391.275862068964,-112190.96551724138,-92016,-88929.89655172413,-76622.37931034483,-65310.10344827586
2026-03-10 05:32:33,-82875.92675609502,-105187.66164350494,-92588.81340735886,-56918.652367323004,-56724.85258112348,-54787.78578571674
2026-03-10 05:33:03,-34072.68464243846,-39278.29115233432,-37213.19219364182,-36177.09123508724,-36057.7546376112,-33983.1390938556
2026-03-10 05:33:33,-70016.71952564809,-94001.44787644787,-64126.51682294539,-44558.742415885274,-52461.493381136235,-97190.05102040817
2026-03-10 05:34:03,-47176.49898286385,-70529.08319828984,-130616.07419922079,-93384.51194703997,-92594.07647484745,-55133.331034720555
2026-03-10 05:34:33,-50698.251784421234,-58071.20444122617,-60513.36160822041,-56193.71745801869,-79524.43019206235,-67682.80404123996
2026-03-10 05:35:03,-41194.17910962446,-36841.71867995447,-55238.31856270905,-95953.65357426117,-79573.01975930203,-41269.83689092727
2026-03-10 05:35:33,-88653.12737052617,-91985.17343631474,-85006.93055651335,-102297.56568512517,-75178.57389145576,-49651.74815529964
2026-03-10 05:36:03,-53991.96551724138,-36389.724137931036,-85418.13793103448,-86920.62068965517,-110350.1724137931,-75901.1724137931
2026-03-10 05:36:33,-91741.14685700492,-99318.09247956966,-158171.821661322,-68245.02603358505,-82625.5646357022,-61003.827454225706
2026-03-10 05:37:03,-139189.3513569433,-128260.42277319905,-161801.85523638743,-107790.5100175868,-95755.19845511913,-118311.35556398495
2026-03-10 05:37:33,-165848.21736431972,-170874.2155713399,-144329.25315495484,-130417.07468450452,-171421.86745741672,-129453.07220191711
2026-03-10 05:38:03,-68928.13793103448,-91610.93103448275,-68632.44827586207,-111398.03448275862,-71296.03448275862,-80519.89655172413
2026-03-10 05:38:33,-179992.86231509259,-168929.38174545707,-143430.6058411779,-257031.9299334506,-141435.84703975727,-158976.6904589497
2026-03-10 05:39:03,-214001.86200475844,-144427.53698148337,-155729.14727078375,-179076.10082410948,-124442.74335367745,-112895.4863625392
2026-03-10 05:39:33,-183818.51098313733,-152222.86975412944,-269880.51312114205,-197301.906962309,-197715.71433497703,-147144.2463533225
2026-03-10 05:40:03,-134162.41379310345,-138505.3448275862,-93791.89655172413,-91473.5172413793,-94971.86206896552,-93636.31034482758
2026-03-10 05:40:33,-70783.76607703182,-74728.52660253094,-67511.84441915795,-86033.2057515258,-64360.677218026955,-100454.191234785
2026-03-10 05:41:03,-116587.87628012826,-110090.92789903795,-115331.54029171406,-93464.74259508292,-70874.14227095616,-113319.92000275852
2026-03-10 05:41:33,-105426.25607779577,-132779.4061864202,-106332.66664367735,-143955.9984827063,-83725.8181316597,-92205.14500500016
2026-03-10 05:42:03,-71825.57417752949,-67029.69170287607,-72322.64294089247,-67118.21504931375,-67105.93834057522,-65124.52582936754
2026-03-10 05:42:33,-66613.99213847322,-75111.06130611683,-104268.0504792773,-72058.75456865045,-89741.36266464382,-78545.99682780498
2026-03-10 05:43:03,-119710.08895938212,-118568.61595752017,-112566.02992897043,-127968.58837321565,-108289.73863871458,-104420.93648713882
2026-03-10 05:43:33,-131627.10344827586,-200794.6896551724,-144249.3103448276,-184134,-76041.6896551724,-78440.3448275862
2026-03-10 05:44:03,-88505.62068965517,-74383.44827586207,-119402.31034482758,-119407,-105479.89655172413,-87730.3448275862
2026-03-10 05:44:33,-108814.62068965517,-115751.79310344828,-131705.58620689655,-113908.31034482758,-108803,-126165.20689655172
2026-03-10 05:45:03,-69719.41379310345,-95954.27586206897,-123304.86206896552,-155580,-103070.20689655172,-139477.06896551725
2026-03-10 05:45:33,-47106.89286576324,-78403.46884590185,-122258.12903003344,-130344.74673287127,-83864.83224716388,-103508.43074376744
2026-03-10 05:46:03,-98733.24137931035,-95121.55172413793,-97832.8275862069,-126454.1724137931,-76629.4827586207,-76107.79310344828
2026-03-10 05:46:33,-66629.3703882491,-112854.73415626508,-64489.38004275568,-75108.19943452175,-73264.15419626233,-79582.68395283085
2026-03-10 05:47:03,-75009.75895720541,-112338.4599468947,-81591.74454291526,-108860.89175488809,-71663.88496155039,-87593.91703162176
2026-03-10 05:47:33,-113402.69636576789,-146389.45589959313,-150443.1763326667,-152794.9106958141,-130248.39666229916,-155445.79684159713
2026-03-10 05:48:03,-161127.2068965517,-180134.62068965516,-143213.3793103448,-135839.10344827586,-160967.72413793104,-137601.06896551725
2026-03-10 05:48:33,-186042.69259948962,-244047.8653700255,-202927.92606386647,-225534.93344368576,-222661.35595558313,-188967.03220911787
2026-03-10 05:49:03,-64588.32454053309,-58698.320747560436,-105465.12189234854,-66782.973000931,-64148.61556498052,-52516.430467914906
2026-03-10 05:49:33,-57141.137931034486,-50029.10344827586,-40869.89655172414,-86030.3448275862,-50850.58620689655,-53395.724137931036
2026-03-10 05:50:03,-186751.6896551724,-187799.89655172414,-167274.2068965517,-155416.55172413794,-113714.6896551724,-89664.62068965517
2026-03-10 05:50:33,-129028.34287290533,-201315.66788497346,-155174.12592235018,-99290.4627267085,-94995.24170746845,-120976.24301772293
2026-03-10 05:51:03,-143450.27929108337,-136587.6146472657,-292625.9223501828,-146739.29384180403,-113765.46445072754,-121027.44638300808
2026-03-10 05:51:33,-202422.74404330883,-206444.8467294231,-215866.4183993655,-199015.27533533325,-222629.73690562393,-221441.08823833658
2026-03-10 05:52:03,-99851.66540238605,-106545.75546514033,-115812.94393490105,-126880.7323632853,-125993.17288462866,-97339.49382801187
2026-03-10 05:52:33,-89806.42714295567,-197821.90883387355,-81465.31273705262,-86406.93745258948,-86759.15454106613,-96804.15143783188
2026-03-10 05:53:03,-156684.90741698563,-167347.09147960416,-150363.43574359507,-127710.2168890728,-137145.61566842525,-106343.50539636565
2026-03-10 05:53:33,-208990.55237569823,-246208.70974415558,-247056.16854010068,-175805.49617267775,-204916.45403765258,-141298.8759395904
2026-03-10 05:54:03,-213245.76709541705,-174690.6100210352,-173905.9967585089,-149873.54736370218,-134457.3605986413,-190403.84151177623
2026-03-10 05:54:33,-123846.6896551724,-102499.27586206897,-84744,-65750.24137931035,-94732,-102388.48275862068
2026-03-10 05:55:03,-61342.51724137931,-94542.31034482758,-88107.4827586207,-111342.8275862069,-80560.44827586207,-79770.5172413793
2026-03-10 05:55:33,-76942.20888934864,-117032.72300955138,-119558.49798282816,-126905.96875969792,-96485.01775800834,-65326.092203717104
2026-03-10 05:56:03,-104167.6551724138,-163726.3103448276,-99607.3448275862,-151269.3793103448,-105604.44827586207,-92967.93103448275
2026-03-10 05:56:33,-112525.77852881332,-115022.89892057798,-117373.72831672241,-136099.87240059316,-109963.61692588888,-107935.78646066834
2026-03-10 05:57:03,-131068.64570404081,-158955.21307405873,-120697.04178733967,-121359.36422562404,-81298.75189629017,-88105.22686525996
2026-03-10 05:57:33,-119287.55172413793,-74317.96551724138,-84292.62068965517,-113299.75862068965,-60802.96551724138,-104522.27586206897
2026-03-10 05:58:03,-71950.8982448881,-52098.548325919786,-89418.50281024791,-51786.903899865516,-50285.40395158787,-93917.9683459191
2026-03-10 05:58:33,-125807.11675056894,-151567.3746638163,-110036.16991931591,-112206.22715674782,-70030.30825460314,-99845.45893386664
2026-03-10 05:59:03,-122370.19413123686,-178739.8710389297,-170665.45981173063,-130464.22537153892,-132957.0359642771,-154974.17330436883
2026-03-10 05:59:33,-104618.7028033516,-95730.4575704286,-172636.18495913933,-95821.97165614978,-117647.83972966448,-99097.61732354056
2026-03-10 06:00:03,-85810.1724137931,-74485.37931034483,-113017.24137931035,-74760.20689655172,-127283.79310344828,-40415.862068965514
2026-03-10 06:00:33,-58731.09417566122,-67464.46429187212,-61936.34263250456,-96324.90775543982,-91743.92220421393,-73445.601572468
2026-03-10 06:01:03,-134609.4003241491,-161083.07183006307,-177351.2879754474,-192288.21683506324,-82227.04231180385,-101461.9814476361
2026-03-10 06:01:33,-108385.77980069652,-183054.58432467844,-130699.66552877486,-136762.11165132234,-87811.10996172545,-93764.93914002964
2026-03-10 06:02:03,-126303.04493258387,-105482.9476878513,-68314.56257112313,-98916.30745887788,-66703.64495327424,-99833.95979171694
2026-03-10 06:02:33,-87433.62526722296,-196576.20164126612,-151153.78249775877,-182897.45534790706,-130037.0319288325,-110724.22591545411
2026-03-10 06:03:03,-84164.33349424179,-82224.26039583478,-85572.37431901248,-126812.39224881043,-90766.39542100545,-87184.40107578789
2026-03-10 06:03:33,-72164.62068965517,-117787.24137931035,-132989.89655172414,-116081.1724137931,-65542.1724137931,-93595.96551724138
2026-03-10 06:04:03,-107711,-119198,-136264.79310344826,-135841.62068965516,-124022.27586206897,-91438.86206896552
2026-03-10 06:04:33,-137895.1724137931,-127624.8275862069,-112754.1724137931,-126832.6551724138,-111970.37931034483,-94057.03448275862
2026-03-10 06:05:03,-143076.0397268777,-82118.04262362921,-102900.61383543692,-150182.04703772673,-110314.64238913028,-69062.21118697841
2026-03-10 06:05:33,-163627.2156700462,-176395.1996689427,-229048.9688944065,-188571.17732257396,-153760.50072418788,-153479.27443271948
2026-03-10 06:06:03,-226436.88583939595,-154486.77722994174,-238459.91793952353,-182053.3048305348,-196243.905802848,-152149.22594214394
2026-03-10 06:06:33,-159295.77270533066,-187143.81766774706,-149477.41535066548,-222436.65954072133,-161072.33983863183,-145861.63023239776
2026-03-10 06:07:03,-160363.55172413794,-233560.27586206896,-294930.5517241379,-200581.8275862069,-217334.79310344826,-177974.44827586206
2026-03-10 06:07:33,-103755.06896551725,-102012.10344827586,-129837.37931034483,-126140.62068965517,-109546,-95843.06896551725
2026-03-10 06:08:03,-200631.80579979997,-192428.22661287538,-199183.78676597355,-159677.56284266058,-170917.27871452706,-115761.97372504395
2026-03-10 06:08:33,-391237.61249612086,-364181.02824040555,-420971.03548153513,-300828.59211751324,-343474.29398986243,-319638.0469638978
2026-03-10 06:09:03,-206210.98672744332,-211774.3665370693,-256920.53224292796,-226190.44107789246,-217251.67582785894,-175597.23153237696
2026-03-10 06:09:33,-129620.25447398366,-136293.1278231785,-125639.21933726424,-147378.60763421952,-210341.88476259442,-123228.06110134134
2026-03-10 06:10:03,-94472.4118904752,-89374.0257948824,-107390.95799710325,-98124.18097799848,-122951.23801641492,-62703.25539692392
2026-03-10 06:10:33,-182790.53005483325,-94009.79411663275,-153747.45663344485,-144385.24674966375,-97335.65541262888,-139372.17643204468
2026-03-10 06:11:03,-113441.79711744018,-76216.9850355148,-184197.88290462727,-160755.46514033515,-118605.50996483001,-87330.5978898007
2026-03-10 06:11:33,-56845.54639815165,-66822.13179764818,-107118.65926411255,-78191.76523328389,-60871.99558605468,-84090.83071830063
2026-03-10 06:12:03,-127959.3448275862,-193705.62068965516,-133393.72413793104,-185869.5172413793,-114183.72413793103,-142802.41379310345
2026-03-10 06:12:33,-138647,-235880.06896551725,-131351.72413793104,-213114.44827586206,-165274.8275862069,-153181.44827586206
2026-03-10 06:13:03,-132038.89655172414,-122733.06896551725,-148341.75862068965,-158370.44827586206,-85564.5172413793,-103847.62068965517
2026-03-10 06:13:33,-164895.1924403366,-115643.33011449856,-160141.7781763002,-144628.19009518554,-141550.48972272038,-125971.20292454131
2026-03-10 06:14:03,-81427.78333275868,-83190.84232665587,-80462.40044133367,-106375.61631555358,-113805.98558769784,-76894.28679791746
2026-03-10 06:14:33,-85628.04331333195,-83165.7010828333,-133049.38271604938,-81847.33429891717,-123705.3934754121,-94802.95192771916
2026-03-10 06:15:03,-120818.40753129417,-83834.40808303733,-92698.23097348183,-82191.66178144072,-80676.43711852132,-78610.60726231938
2026-03-10 06:15:33,-72508.46580916582,-47336.839201351766,-62722.990447946475,-54699.541363495286,-38247.97406807131,-36264.83671850753
2026-03-10 06:16:03,-119379.75032760882,-69926.30526243191,-97386.33698875786,-80448.2033243672,-45544.76170770399,-93181.77115663151
2026-03-10 06:16:33,-20939.174511223748,-18719.768283852278,-27078.16971828557,-18859.28071445812,-18755.870487224576,-17911.55477397331
2026-03-10 06:17:03,-126021.24211179694,-46894.61705576054,-74889.06514017723,-95141.38418566156,-11034.104624297388,-52434.463257353695
2026-03-10 06:17:33,-77673.21816489086,-48737.1814765008,-98023.82676459431,-61106.65149477604,-44675.97669045894,-81555.73945726009
2026-03-10 06:18:03,-115642.42361542178,-100844.02372577421,-123989.82688461275,-149234.77481205604,-116746.98255052074,-132354.12787088766
2026-03-10 06:18:33,-82558.19166178143,-126595.39984137382,-124651.16038484084,-81307.66578157866,-96230.11138315113,-106473.67150591398
2026-03-10 06:19:03,-144783.5293306204,-230890.71283236195,-81336.65551608786,-145379.0047246267,-138923.26792426803,-117184.57081767078
2026-03-10 06:19:33,-135768.8620689655,-121008.24137931035,-119234.72413793103,-164411.6896551724,-180232.8275862069,-130612.37931034483
2026-03-10 06:20:03,-169373.0561015137,-173769.24933622975,-190871.45270852727,-217582.9109341057,-213171.821661322,-182447.881107548
2026-03-10 06:20:33,-47946.996344575484,-48487.44741016622,-45921.33940271743,-67003.82785019657,-48864.85274846541,-44286.08869577212
2026-03-10 06:21:03,-119657.6315607973,-125863.19746189393,-78402.85536933581,-108300.3310573143,-75673.56369404786,-79511.79391682184
2026-03-10 06:21:33,-153326.0344827586,-146776.2068965517,-167891.2068965517,-112647.44827586207,-141842.75862068965,-95592.6551724138
2026-03-10 06:22:03,-97127.10783130451,-132665.54019104104,-123373.59908962376,-175573.81289009962,-128967.20576571605,-138441.1186592641
2026-03-10 06:22:33,-204314.05614180287,-187960.58348851645,-139057.31429753776,-216688.70266914958,-202598.93785778328,-158781.32974687908
2026-03-10 06:23:03,-171112.10344827586,-174586.3103448276,-143685.27586206896,-215429.1379310345,-158832.89655172414,-135113.75862068965
2026-03-10 06:23:33,-169293.3793103448,-108966.5172413793,-101022.27586206897,-106397.55172413793,-112713.48275862068,-127462.3448275862
2026-03-10 06:24:03,-84292,-89466.62068965517,-65372.55172413793,-65835.58620689655,-86314.5172413793,-79173.37931034483
2026-03-10 06:24:33,-69942.41379310345,-95268.72413793103,-81209.75862068965,-141143.41379310345,-85295.96551724138,-91335.93103448275
2026-03-10 06:25:03,-102682.40284147728,-76043.51874202558,-132172.76457808889,-145200.62760784852,-84358.90892789405,-98681.78213041827
2026-03-10 06:25:33,-64587.951308665804,-68439.91172109383,-68412.01420738646,-76475.36121935239,-84352.15007414047,-63205.69674816372
2026-03-10 06:26:03,-52735.887444394626,-111439.32549398254,-80995.65502258697,-93161.8331666609,-36392.323873237,-41392.77216455739
2026-03-10 06:26:33,-112021.1746042694,-91937.92461289099,-121514.19112321964,-141967.68631237713,-99708.28016691381,-93641.85950270717
2026-03-10 06:27:03,-83405.84612098125,-134268.8432370848,-94318.58155018337,-115008.75850037386,-92172.10809271195,-118253.8540962011
2026-03-10 06:27:33,-142990.37997379492,-116713.43355630647,-89877.97393283222,-73991.06958140818,-81658.54079029032,-102441.1075098269
2026-03-10 06:28:03,-116475.41379310345,-84835.79310344828,-100271.86206896552,-94855.1724137931,-73284.6551724138,-113541.1724137931
2026-03-10 06:28:33,-199182.89655172414,-117795.55172413793,-153187.06896551725,-163253.8275862069,-120170.6551724138,-84021.58620689655
2026-03-10 06:29:03,-50515.448275862065,-70789.55172413793,-52080.620689655174,-54633.24137931034,-89692.27586206897,-49079.75862068965
2026-03-10 06:29:33,-53862.89655172414,-76701.3448275862,-68686.3448275862,-53924.06896551724,-72152.93103448275,-53915.89655172414
2026-03-10 06:30:03,-49976.620689655174,-95781.79310344828,-107242.5172413793,-107979.6551724138,-105513.03448275862,-75458.44827586207
2026-03-10 06:30:33,-100252.017380509,-183657.0453134699,-115533.27815711428,-181651.66563211256,-123849.19649631009,-88787.43361611145
2026-03-10 06:31:03,-97166.40805489467,-133241.81924761218,-123973.2767835592,-193148.68452811975,-122169.92517499397,-161417.84766042553
2026-03-10 06:31:33,-128956.93548943214,-161828.60393752373,-166979.27800572358,-199921.21504671933,-193638.62359066305,-158839.80967486123
2026-03-10 06:32:03,-147691.1724137931,-136812,-148118.6551724138,-113127.89655172413,-113680.06896551725,-92099.58620689655
2026-03-10 06:32:33,-129934.23911169349,-118935.96330907961,-102521.94903272526,-100192.42042829061,-83829.89068588571,-99749.30170005861
2026-03-10 06:33:03,-65907.1724137931,-97366.89655172413,-104263.48275862068,-127797.55172413793,-94819.44827586207,-88658.62068965517
2026-03-10 06:33:33,-156921.9655172414,-141197.3103448276,-138864.72413793104,-110945.58620689655,-89365.6896551724,-82301.37931034483
2026-03-10 06:34:03,-302909.7931034483,-266773.8965517241,-220043.0344827586,-206779.1379310345,-232409.0344827586,-220483.8275862069
2026-03-10 06:34:33,-188426.4087178426,-301190.9442030485,-230484.37823298157,-346794.88240568317,-212394.1995999724,-275534.485136906
2026-03-10 06:35:03,-120483.01782697147,-212121.09927243885,-194488.53487810763,-323393.2278197303,-190657.94282955758,-175790.45550153442
2026-03-10 06:35:33,-118150.83798882681,-75532.31257328091,-108847.92054624457,-126741.60286916338,-85987.55086557694,-70034.34719635837
2026-03-10 06:36:03,-143554.62068965516,-108869.55172413793,-117137.3448275862,-127652.13793103448,-99911.89655172413,-93666.72413793103
2026-03-10 06:36:33,-165479.5351884418,-138325.88531429952,-152598.91038240062,-143101.0999620703,-139883.00403434364,-141985.82807489397
2026-03-10 06:37:03,-81355.90882444222,-215976.48194765334,-101179.21307631297,-106238.69788613399,-90190.6962309045,-89477.60267595433
2026-03-10 06:37:33,-125740.42274404332,-149014.24088824526,-128162.85645322576,-131964.20813075412,-139370.64239164168,-150609.32381642013
2026-03-10 06:38:03,-128986.89655172413,-196129.96551724136,-115919.48275862068,-122949.06896551725,-88496.6896551724,-116529.6551724138
2026-03-10 06:38:33,-37091.448275862065,-48808.3448275862,-54898.68965517241,-44756.93103448276,-39436.793103448275,-37249.41379310345
2026-03-10 06:39:03,-82403.44161666321,-100521.96703220911,-84689.18546106628,-140594.17890889026,-102378.0950410373,-82572.03945099661
2026-03-10 06:39:33,-66261.0854423833,-72863.56113371492,-71826.4602441211,-85700.71029584167,-68723.9500724088,-66846.21750224123
2026-03-10 06:40:03,-104429.79310344828,-150357.6551724138,-108443.20689655172,-154246.1724137931,-96953.6551724138,-78319.24137931035
2026-03-10 06:40:33,-92866.96551724138,-151039.62068965516,-170558.10344827586,-199206.6551724138,-133970.1724137931,-112501.10344827586
2026-03-10 06:41:03,-118629.15071894071,-126397.12423709525,-136784.69707941104,-141333.2988517637,-142563.63573669872,-113459.57035964276
2026-03-10 06:41:33,-118670.95372732915,-154628.71526101648,-101949.55520308945,-81457.3132887387,-100413.97145024482,-74447.76222329495
2026-03-10 06:42:03,-64015.482224750864,-124711.35478086962,-73928.00248267301,-60714.59604841212,-47095.6863556429,-61048.41212371986
2026-03-10 06:42:33,-118000.7931307976,-154529.9148246491,-157471.63695299835,-123079.41653160453,-95138.72892168694,-135454.15359150313
2026-03-10 06:43:03,-185442.78178119508,-133294.03854773645,-118079.81932903494,-83258.00779229736,-65259.214564010625,-94881.0467882633
2026-03-10 06:43:33,-143462.93103448275,-140439.62068965516,-109589.24137931035,-80064.41379310345,-103645.44827586207,-75939.75862068965
2026-03-10 06:44:03,-135352.6794951376,-132071.76356990138,-157443.89268225394,-168082.62638802675,-139293.22711911166,-118510.93178839919
2026-03-10 06:44:33,-106491.5172413793,-111124.03448275862,-167013.4827586207,-137654.93103448275,-130484,-103802.6896551724
2026-03-10 06:45:03,-158531.15409813455,-147992.00027585257,-112606.63425399124,-133931.86441846835,-146362.57370435505,-99471.84579842075
2026-03-10 06:45:33,-141006.62137462496,-152157.8784012139,-220331.82743042384,-168809.4630479015,-153381.073904197,-129304.9625823361
2026-03-10 06:46:03,-123494.1720118629,-119184.32305676256,-143708.2212566384,-107910.51106972896,-112831.8504724464,-156429.6158355749
2026-03-10 06:46:33,-138012.4827586207,-179766.6551724138,-191103.62068965516,-141127.75862068965,-103659.6896551724,-141060.5172413793
2026-03-10 06:47:03,-70599.1863752327,-71475.14307384679,-70283.83782665656,-67532.71736882025,-66275.11549334621,-64677.96318003172
2026-03-10 06:47:33,-42650.46032895418,-87826.55770490674,-55362.98748319024,-46668.21833729872,-45291.61063411607,-42943.82952311989
2026-03-10 06:48:03,-196448.915554636,-151631.11616840796,-206143.33988483154,-121501.12065101202,-80472.81128236957,-145788.49005206715
2026-03-10 06:48:33,-95461.72413793103,-95290.10344827586,-91713.20689655172,-95486.8275862069,-116028.8275862069,-88481.44827586207
2026-03-10 06:49:03,-127956.20689655172,-98518.89655172413,-75568.86206896552,-165480.79310344826,-84412.89655172413,-64800.55172413793
2026-03-10 06:49:33,-261063.3103448276,-219306.72413793104,-200860.0344827586,-193041.8620689655,-226776.44827586206,-239787.8275862069
2026-03-10 06:50:03,-157340.6551724138,-192838.5172413793,-163646.8620689655,-174914.3103448276,-123363.62068965517,-159736.89655172414
2026-03-10 06:50:33,-128448.21046824357,-174864.4231432315,-132811.6681608165,-153237.0526170609,-105508.99937935315,-111051.4447279498
2026-03-10 06:51:03,-215274.66464360838,-206525.53536328836,-172514.6039518604,-215849.23618055793,-158756.2329735508,-168526.39746198143
2026-03-10 06:51:33,-170803.4205717044,-201753.18092479568,-143486.05220509635,-108945.55360159994,-106117.65111547876,-145858.69452777487
2026-03-10 06:52:03,-97839.24137931035,-98529.8275862069,-171473,-139844.79310344826,-103720.48275862068,-93023.55172413793
2026-03-10 06:52:33,-88050.41379310345,-88560.86206896552,-106784.10344827586,-122284.6551724138,-94289.48275862068,-82612.20689655172
2026-03-10 06:53:03,-137249.1379310345,-161383.4827586207,-109877.5172413793,-147557.79310344826,-116771.75862068965,-115902.62068965517
2026-03-10 06:53:33,-60600.944795007075,-66697.56215302921,-61924.51984414331,-70758.56004965346,-110434.0884797076,-72346.71218233854
2026-03-10 06:54:03,-56625.46119099341,-87349.57415261542,-60140.581359263466,-82311.09272094065,-91568.35971173407,-83015.41326161165
2026-03-10 06:54:33,-153745.91351127665,-104672.14980343473,-109041.65804538246,-113134.80240016554,-129815.43554727915,-84945.37554314092
2026-03-10 06:55:03,-86283.90634159798,-75206.21400737956,-51921.85937446118,-103671.02313872891,-90764.85396048139,-81415.4970861064
2026-03-10 06:55:33,-120611.44827586207,-83911.72413793103,-114883.03448275862,-94360.3448275862,-80696.27586206897,-79738.13793103448
2026-03-10 06:56:03,-64455.93103448276,-51118.03448275862,-124031.96551724138,-39341,-82014.24137931035,-44978.48275862069
2026-03-10 06:56:33,-91685.85123624951,-107502.5690541053,-122466.08503741506,-105124.314631539,-85174.93706679539,-72911.37625435358
2026-03-10 06:57:03,-144646.04668804526,-196135.20223440573,-121448.39833109204,-115302.50681011,-131011.37891796835,-95603.39298644876
2026-03-10 06:57:33,-115533.57012310768,-144448.5327080244,-174179.76481947652,-131929.7906824373,-148276.49229283768,-144414.428083727
2026-03-10 06:58:03,-61105,-80803.75862068965,-99290.1724137931,-104758.79310344828,-136385.6896551724,-127230.24137931035
2026-03-10 06:58:33,-102486.10344827586,-136902.72413793104,-121006.6551724138,-113134.72413793103,-81542,-104772.75862068965
2026-03-10 06:59:03,-85719.83724699149,-106807.07561808215,-89480.94893279542,-133852.21199268993,-74874.17675252577,-120367.67697665599
2026-03-10 06:59:33,-106908.13793103448,-132515.24137931035,-99897,-221335.89655172414,-119487.24137931035,-105007.20689655172
2026-03-10 07:00:03,-102040.96834264434,-138811.98703358855,-89822.95330712464,-138798.71025587973,-76171.322160149,-74115.04241671841
2026-03-10 07:00:33,-42938.620689655174,-87247.06896551725,-88947.41379310345,-72790.10344827586,-45137.41379310345,-59046.93103448276
2026-03-10 07:01:03,-24794.869142443367,-34227.71628564533,-24139.40898589704,-78869.97000103445,-51663.87365952899,-23406.606668735563
2026-03-10 07:01:33,-52565.709162384905,-74439.7393013552,-51163.315976412974,-53894.23773233559,-51809.47618883409,-49739.02548363736
2026-03-10 07:02:03,-131795.841666092,-112408.420108958,-97120.26756775395,-61914.73001861941,-78496.34507964968,-87331.11509551066
2026-03-10 07:02:33,-126424.14316254052,-111291.91090269637,-112446.2106061651,-134889.90414454177,-101137.88704227295,-85040.7902903248
2026-03-10 07:03:03,-68420.08345115348,-41688.40304838097,-81368.15062588365,-40254.31911445221,-50731.12865960895,-38688.67891996275
2026-03-10 07:03:33,-107191.85545326024,-85392.67611461674,-86880.83169545878,-97604.22054411918,-145346.09151408574,-83512.6374952588
2026-03-10 07:04:03,-129809.4006483206,-106325.43623698188,-120328.85026553557,-169242.56845299678,-169196.80667632254,-127347.67915028625
2026-03-10 07:04:33,-112531.32650598254,-137605.18602806798,-163804.76535291885,-107834.41950277575,-155214.99258646253,-118915.55463604702
2026-03-10 07:05:03,-135986.75862068965,-157879.62068965516,-205255.10344827586,-195666.06896551725,-132023.24137931035,-130011.75862068965
2026-03-10 07:05:33,-198196.48953412185,-157735.5770888651,-137611.22797337838,-157419.5317079899,-140791.99282733887,-106299.59653781164
2026-03-10 07:06:03,-144932.45060515156,-131820.04068825213,-167314.7132857488,-167994.68983828145,-114902.55508430745,-89791.24857763526
2026-03-10 07:06:33,-141893.06896551725,-146171.8275862069,-160940.44827586206,-113219.1724137931,-155221.3448275862,-103073.44827586207
2026-03-10 07:07:03,-49559.50205179488,-121872.75423290457,-76509.12100417254,-96783.61322804233,-54389.3927376806,-82073.27838890995
2026-03-10 07:07:33,-111905.75212083591,-74403.57955721085,-64994.10304158907,-65589.90275191392,-80886.23353334713,-79144.76860473136
2026-03-10 07:08:03,-132476,-95120.5172413793,-92416.27586206897,-116340.03448275862,-103854.89655172413,-106009.06896551725
2026-03-10 07:08:33,-124391.52472243294,-54601.40679953107,-84394.73139783464,-71635.36997448452,-52942.83152886008,-75152.1619198676
2026-03-10 07:09:03,-84768.72413793103,-78178.24137931035,-106034.37931034483,-107043.48275862068,-70758.4827586207,-71370.58620689655
2026-03-10 07:09:33,-70405.3448275862,-65863.27586206897,-83441,-131588.93103448275,-94046.03448275862,-78777.10344827586
2026-03-10 07:10:03,-115546.58299427626,-99681.22888076685,-151991.37990483415,-110648.6794014206,-87231.22543272878,-99321.32266740226
2026-03-10 07:10:33,-158675.9543432532,-184382.66836787472,-134444.63602193177,-112726.09400324148,-95546.94989482395,-106450.05000172419
2026-03-10 07:11:03,-108454.76174056962,-202363.0094476243,-163783.42872905318,-163779.29108337357,-122413.10944072824,-147869.21591614373
2026-03-10 07:11:33,-203359.35721921443,-139267.80233801165,-169847.71888685814,-144632.9183764957,-125665.12638366838,-102892.37559915858
2026-03-10 07:12:03,-68564.98051791318,-119457.46698389712,-82016.86148753492,-94327.88524533638,-78061.27374918107,-75964.93224371574
2026-03-10 07:12:33,-133930.4434788606,-88606.42113249189,-165498.51713911304,-137518.03572660184,-120822.81536657701,-85117.66328712324
2026-03-10 07:13:03,-115924.88878159809,-177173.67313860054,-143455.35745077077,-146994.378728834,-115699.03783149981,-115979.72204021105
2026-03-10 07:13:33,-91243.50884452258,-143339.4365711527,-121443.01920623425,-236303.5757387676,-114578.73866418398,-82730.4920519982
2026-03-10 07:14:03,-248690.5279128306,-259415.98565566706,-285069.3769180373,-295853.24643977795,-274776.3525395676,-224389.26243922627
2026-03-10 07:14:33,-290411.50305161887,-246125.03017137336,-321330.6437709044,-317700.49308644526,-327527.1887176304,-314746.6639081411
2026-03-10 07:15:03,-231027.2068965517,-174484.6896551724,-294925.6551724138,-278035.5172413793,-230552.58620689655,-208399.1379310345
2026-03-10 07:15:33,-159878.64261820188,-164149.8775735421,-180695.24433562093,-170571.71431527397,-202935.3381384281,-152406.52481291167
2026-03-10 07:16:03,-141502,-175149.41379310345,-250872.44827586206,-162050.3103448276,-115847.1724137931,-167846.89655172414
2026-03-10 07:16:33,-109727.69823788547,-95801.79653083702,-96492.7037444934,-72094.78248898679,-93667.77946035244,-64362.50688325992
2026-03-10 07:17:03,-82828.6896551724,-193760.75862068965,-119438.37931034483,-73954.8275862069,-113612.93103448275,-126724.96551724138
2026-03-10 07:17:33,-18859.28071445812,-19483.397124237094,-62142.51232716112,-17789.110720319986,-44773.1457535947,-17181.54546394952
2026-03-10 07:18:03,-90053.31402165667,-106851.50700048279,-89280.08828195048,-98432.47810193806,-102274.22580867646,-100649.6310090351
2026-03-10 07:18:33,-132858.38907661542,-150317.59878629062,-152135.64581752982,-147403.5238949038,-123811.9440038618,-166779.42900489623
2026-03-10 07:19:03,-256473.85665999865,-215958.85355590814,-255428.64040836037,-243927.05387321516,-304903.39380561496,-246381.2857832655
2026-03-10 07:19:33,-120000.48264212086,-92279.17399248456,-127217.32685213913,-146739.51115248044,-141305.30561588582,-108577.48129761781
2026-03-10 07:20:03,-96333.6896551724,-103506.44827586207,-145220.62068965516,-150543.3103448276,-73009.55172413793,-106714.8275862069
2026-03-10 07:20:33,-104488.58620689655,-171308.3448275862,-111563.6551724138,-70225.41379310345,-69829.03448275862,-73392.89655172413
2026-03-10 07:21:03,-141218.55926066413,-138008.03475981927,-148479.36135728817,-120431.60108969273,-128112.9004448429,-116108.83133901167
2026-03-10 07:21:33,-78672.88462864631,-85366.80228949728,-88654.989311082,-84489.552444659,-81545.51410247569,-88623.12943934901
2026-03-10 07:22:03,-78588.5172413793,-114242.44827586207,-110832.37931034483,-121807.8275862069,-98994.6896551724,-95890.62068965517
2026-03-10 07:22:33,-58574.45341058004,-64195.28933029864,-107273.8809573074,-62473.23953376095,-70571.83254017518,-78053.34850679357
2026-03-10 07:23:03,-49889.93482983345,-65410.641012378874,-99612.77197338022,-96974.89741733043,-113652.25337057341,-79626.66804592944
2026-03-10 07:23:33,-27127.41379310345,-29051.758620689656,-31805.206896551725,-29155.1724137931,-47533.793103448275,-27160.51724137931
2026-03-10 07:24:03,-81301.97593020448,-80612.74526707816,-84344.73602538017,-166684.36842649744,-118500.77588882373,-90763.61253836338
2026-03-10 07:24:33,-56051.48098341436,-61374.95258784179,-63913.24437088375,-85808.38591772696,-58267.64594324333,-55941.31236853901
2026-03-10 07:25:03,-70225.23361263404,-45607.66870107927,-47032.171304437776,-73712.45819109686,-37196.64839143478,-42128.5128099031
2026-03-10 07:25:33,-144833,-84311.58620689655,-100143.41379310345,-178603.6896551724,-71987.58620689655,-76050.1724137931
2026-03-10 07:26:03,-73896.03448275862,-76748.5172413793,-81751.3448275862,-117473.58620689655,-92021.48275862068,-73025.55172413793
2026-03-10 07:26:33,-164636.1724137931,-115790.96551724138,-179033.89655172414,-147220.93103448275,-77288.44827586207,-114189
2026-03-10 07:27:03,-267675.4137931034,-337255.1724137931,-279691.1379310345,-253315.27586206896,-377058.8965517241,-320044.8965517241
2026-03-10 07:27:33,-164449.1154257337,-120290.27140738697,-175021.76087181433,-119059.83377590784,-83731.90330034141,-80996.99968962306
2026-03-10 07:28:03,-42132.379310344826,-76946.1724137931,-62377.96551724138,-60716.06896551724,-49596.41379310345,-42023.93103448276
2026-03-10 07:28:33,-186149.10858995136,-180332.5976757819,-199032.38042691126,-208174.9715507431,-153239.93930825198,-123200.28276837131
2026-03-10 07:29:03,-83134.83223559432,-102262.59526190558,-87061.0021035208,-125927.20438635813,-81825.30432083864,-89860.85727094037
2026-03-10 07:29:33,-19526.430123099202,-21520.947553532635,-22642.633012654733,-21701.941312368537,-21516.292541636492,-19574.46294955346
2026-03-10 07:30:03,-199274.53279084203,-117943.79697951867,-145679.780704779,-113371.73298393215,-94931.45300324116,-83008.82697744983
2026-03-10 07:30:33,-69556.31034482758,-87073.93103448275,-95885.31034482758,-96991.55172413793,-101107.72413793103,-86666.55172413793
2026-03-10 07:31:03,-106385.77192316976,-153062.65733301145,-132815.75226731953,-137031.17348874098,-162947.34301182796,-125982.55112245248
2026-03-10 07:31:33,-94732.72413793103,-126294.93103448275,-105385.13793103448,-118351.86206896552,-97052.41379310345,-94863.75862068965
2026-03-10 07:32:03,-97433.03448275862,-75690.10344827586,-84423.75862068965,-115051.37931034483,-76369.03448275862,-50125.8275862069
2026-03-10 07:32:33,-157796.5172413793,-127306.79310344828,-120209.48275862068,-155911.6896551724,-80743.20689655172,-115298.1724137931
2026-03-10 07:33:03,-241756.45667390776,-118455.84635012584,-174136.61597875934,-155830.72997482843,-154664.01158580737,-87657.77042170959
2026-03-10 07:33:33,-117796.44827586207,-162032.75862068965,-177379.9655172414,-118568.8275862069,-145546.8275862069,-119223.6551724138
2026-03-10 07:34:03,-79647.56387710768,-67782.52474052618,-65454.67397675941,-83629.80586876314,-142050.68790731352,-61949.86379780007
2026-03-10 07:34:33,-103006.8280571074,-99770.39795847991,-93304.2968480585,-158509.93171942895,-74943.61680115871,-62323.19470308298
2026-03-10 07:35:03,-71660.77031826488,-98921.72683700561,-108945.24326747352,-73958.65659804833,-95109.27209406572,-74914.865004655
2026-03-10 07:35:33,-128834.32238476402,-131391.42285398842,-161698.83383935966,-150303.40877725644,-91718.01683687553,-65159.60529947558
2026-03-10 07:36:03,-76321.50370753578,-174958.06173478186,-107631.48818761855,-122599.96551129504,-81665.14916364891,-82672.80565614761
2026-03-10 07:36:33,-117151.02927485258,-145577.66973552635,-160149.99482776455,-110986.34529843797,-159186.85562566807,-125000.10344470879
2026-03-10 07:37:03,-112727.74923273215,-108810.82106279525,-144772.8887203007,-134866.1677988896,-154927.58370978307,-138987.79268250626
2026-03-10 07:37:33,-204566.74368081655,-243493.15493637708,-240389.77206110553,-239853.78806165725,-201424.98017173004,-234384.56498499945
2026-03-10 07:38:03,-147348.8620689655,-78515.6896551724,-143034.06896551725,-86765.6896551724,-94241.72413793103,-84220.62068965517
2026-03-10 07:38:33,-111378.1808151162,-117525.3430797876,-133373.73284601062,-203646.19681401283,-101404.73070822703,-108445.83132197779
2026-03-10 07:39:03,-137899.79655873933,-95617.49594841556,-147163.47712147856,-127705.66532188543,-78382.64197786282,-84569.25623254369
2026-03-10 07:39:33,-65795.4412221111,-62473.08527880271,-68025.65605710541,-73593.43425635366,-58630.26311252111,-56675.885375357764
2026-03-10 07:40:03,-112130.6896551724,-126335.89655172413,-99192.96551724138,-136500.75862068965,-82144.31034482758,-105064.13793103448
2026-03-10 07:40:33,-89984.6896551724,-171333.89655172414,-193903.96551724136,-110003.27586206897,-72195.55172413793,-81223.1724137931
2026-03-10 07:41:03,-143884.7281128237,-96597.77249060378,-128564.91155477398,-93803.04127443882,-110175.33878142133,-88487.22457846282
2026-03-10 07:41:33,-77100.3448275862,-108048.3448275862,-81664,-99226.5172413793,-114709.79310344828,-70476.1724137931
2026-03-10 07:42:03,-49395.96551724138,-77452.44827586207,-39613.379310344826,-29479.41379310345,-38889.55172413793,-68320.55172413793
2026-03-10 07:42:33,-63962.3448275862,-153316.10344827586,-91948.44827586207,-125652.6551724138,-91902.10344827586,-71648.79310344828
2026-03-10 07:43:03,-84619.95241215212,-62226.6629883789,-59873.237008172684,-74962.82630435532,-49472.08524431876,-52201.38625469843
2026-03-10 07:43:33,-104713.06896551725,-95442.27586206897,-98895.58620689655,-100151.24137931035,-91947.03448275862,-89958.55172413793
2026-03-10 07:44:03,-61066.51724137931,-67066.06896551725,-69351,-126700.48275862068,-42034.51724137931,-57580.68965517241
2026-03-10 07:44:33,-102617.22009585875,-146870.28033516085,-137191.1658218682,-108707.69973449191,-88575.73876762869,-95083.79021413054
2026-03-10 07:45:03,-50726.49218992448,-112031.96441502016,-80490.74169856211,-177233.47470776868,-61176.92493362297,-75901.45167408019
2026-03-10 07:45:33,-87038.89655172413,-61971.275862068964,-57867.10344827586,-62721.55172413793,-44176.206896551725,-51139.06896551724
2026-03-10 07:46:03,-67139.52686392165,-65929.13304365818,-92634.04372715359,-66348.7137043934,-38351.507000482794,-50305.12449134423
2026-03-10 07:46:33,-106479.84552256817,-157455.3291265818,-165349.64311575462,-159056.89458984172,-136446.32943691596,-142350.26378400743
2026-03-10 07:47:03,-40433.137931034486,-71901.27586206897,-55881.31034482759,-91702.55172413793,-76070,-68656.62068965517
2026-03-10 07:47:33,-72154.38463395288,-32018.03510465878,-41006.689885858126,-56533.67357495085,-82932.61836615055,-36885.996068829954
2026-03-10 07:48:03,-42318.72564907079,-89486.94962590079,-91737.54439195947,-46186.80826121436,-91137.15822501121,-60659.517980898534
2026-03-10 07:48:33,-101866.92644573949,-92992.37904755335,-99313.9073761164,-91428.66995413633,-98677.40266905754,-72126.38366840236
2026-03-10 07:49:03,-38382.6977449831,-141703.7100889594,-63918.45389973105,-86841.32128818703,-57071.5123094959,-87829.63243914214
2026-03-10 07:49:33,-35850.65517241379,-59954.55172413793,-31483.137931034482,-67401.41379310345,-30400.41379310345,-28419.51724137931
2026-03-10 07:50:03,-41589.38547486034,-67462.92847782606,-36147.354989999316,-73152.70018621975,-43498.27574315471,-34911.269742740886
2026-03-10 07:50:33,-93582.9798972449,-81355.64290886521,-126318.47177683527,-72186.78666252887,-67535.18844177786,-61478.53522292334
2026-03-10 07:51:03,-141981.31098927621,-83183.57987655597,-126719.56139443466,-84853.28092134753,-68323.81642012343,-101466.39771042377
2026-03-10 07:51:33,-125227.0956173925,-123237.3021619944,-99382.02130961,-110962.00131029963,-95757.66352884383,-106690.73480224819
2026-03-10 07:52:03,-96861.89178937204,-133785.5788130625,-86071.41625573294,-88937.37715093623,-129503.22424911203,-109503.08631332114
2026-03-10 07:52:33,-177342.24137931035,-99860.79310344828,-97913.06896551725,-165583.06896551725,-142221.55172413794,-76647.20689655172
2026-03-10 07:53:03,-144955.3149674172,-168616.76378305696,-228111.05747681277,-202995.27635072236,-226562.94176464507,-131304.17543012794
2026-03-10 07:53:33,-137840.51174178417,-123123.8663402186,-119418.08338218558,-107556.84678782025,-126590.95141211765,-106781.0958998586
2026-03-10 07:54:03,-110312.47198372468,-126116.89252094754,-128761.52546463914,-122707.25147408708,-112132.82300610322,-110140.30550670665
2026-03-10 07:54:33,-38501.03448275862,-24858.758620689656,-13409.172413793103,-19346.241379310344,-14054.344827586207,-12032.862068965516
2026-03-10 07:55:03,-139253.85331540293,-178612.73749181064,-128434.70914796043,-204561.8771766491,-110403.33091962348,-121574.15261542707
2026-03-10 07:55:33,-260096.78642852217,-180400.83442521206,-241523.51561961244,-220060.99579339358,-274083.89076615404,-241783.25632714987
2026-03-10 07:56:03,-169251.82708218423,-201749.68974076115,-172253.82653061225,-170416.64368450083,-154724.110590182,-168601.5581908439
2026-03-10 07:56:33,-184275.34832390674,-193629.77652089944,-194247.93074906885,-183410.67733480482,-110709.13229410954,-127141.53676369155
2026-03-10 07:57:03,-200790.1941178499,-167878.97803675485,-252988.93217942974,-285803.29621073685,-209704.03061752234,-143182.3604454712
2026-03-10 07:57:33,-243841.89655172414,-246078.75862068965,-226640.10344827586,-266707.1034482759,-244689.41379310345,-228051.2068965517
2026-03-10 07:58:03,-100075.13534016068,-126553.77400779282,-144106.0997896624,-122565.22188890037,-87809.1445122582,-152701.2516809765
2026-03-10 07:58:33,-56208.420980033785,-143984.62015931582,-83681.33383909789,-62168.97134383943,-68176.1784889134,-74950.86037449566
2026-03-10 07:59:03,-171691.57299496589,-129864.28522170885,-102691.9177987725,-140206.12371560582,-99354.69967588443,-91208.22701882629
2026-03-10 07:59:33,-221158.0344827586,-195633,-174056.8620689655,-293555.3103448276,-172429.75862068965,-139516.1724137931
2026-03-10 08:00:03,-181438.52148127716,-117118.92283290808,-131396.6622991518,-132848.493207365,-142729.26005103096,-99525.92924625888
2026-03-10 08:00:33,-60892.137931034486,-57615.96551724138,-55062.96551724138,-67329.4827586207,-53764.793103448275,-59674.41379310345
2026-03-10 08:01:03,-55075.9628978311,-63724.83707458363,-60369.15968414881,-57116.85803937795,-56978.06972173373,-81557.04975690492
2026-03-10 08:01:33,-55202.64818454537,-121990.48308679012,-123532.25750836178,-60889.07279059343,-83056.34288472812,-155178.68349367264
2026-03-10 08:02:03,-217072.23888831423,-137532.98162132342,-168768.24937071136,-157927.0025171546,-147060.51515464985,-120919.48553498156
2026-03-10 08:02:33,-99044.55018792456,-122108.2721285473,-201026.86114271922,-89459.08761766837,-142263.16333919522,-99879.79724837076
2026-03-10 08:03:03,-144788.29574453412,-128276.91564935513,-149273.98441271813,-117722.7394992758,-93265.81143527139,-107283.22642940893
2026-03-10 08:03:33,-66271.22267429833,-60168.78146334736,-59689.43521136473,-75848.3208054617,-62029.41176470589,-50380.318598717335
2026-03-10 08:04:03,-84628.43941797118,-119442.17640162748,-77949.00351699883,-78183.33218398731,-69736.25956830564,-80239.0179987587
2026-03-10 08:04:33,-70708.70974415558,-116028.37735328598,-90623.6121646783,-131428.17736707814,-85882.87014688643,-88152.88600786153
2026-03-10 08:05:03,-102387.16463204358,-93714.0492447755,-130092.45465204497,-73730.91247672253,-94292.53741637354,-90850.71384233395
2026-03-10 08:05:33,-93399.44134078213,-67050.6586661149,-96561.5214842403,-117321.33250569005,-68009.58686805987,-104168.5978343334
2026-03-10 08:06:03,-79763.00817213199,-72404.8481086859,-83471.29409330712,-107510.1548222475,-85977.00079307609,-68642.77093893313
2026-03-10 08:06:33,-51440.75862068965,-43223.24137931035,-48006.06896551724,-64114.8275862069,-43459.8275862069,-41205.96551724138
2026-03-10 08:07:03,-78211.86206896552,-86983.72413793103,-147124.4827586207,-103083.48275862068,-80259.27586206897,-100975.27586206897
2026-03-10 08:07:33,-49525.60079991726,-89753.78409130091,-81691.51467089613,-107278.76426576563,-60761.26607592319,-40548.80529600387
2026-03-10 08:08:03,-89125.6896551724,-79501.44827586207,-90428.89655172413,-98162.55172413793,-66117.10344827586,-72400.6896551724
2026-03-10 08:08:33,-95227.06896551725,-116766.75862068965,-78472.62068965517,-73852.06896551725,-70503.4827586207,-77539.55172413793
2026-03-10 08:09:03,-35777.862068965514,-124992.5172413793,-84494.31034482758,-30495.862068965518,-59741.31034482759,-83176.37931034483
2026-03-10 08:09:33,-204950.79310344826,-154987.8275862069,-164853.4827586207,-170963.72413793104,-157723.1724137931,-149538.41379310345
2026-03-10 08:10:03,-252795.10882687732,-197068.71097926944,-128849.0221103101,-232419.02659446036,-156735.91804353075,-172869.06281259703
2026-03-10 08:10:33,-104774.47498189591,-98731.26659539982,-136996.7929928618,-132118.17648884442,-144263.4573605986,-106756.26745749851
2026-03-10 08:11:03,-97083.66094213394,-91642.97537761225,-129343.60990413131,-150294.64100972482,-138054.52100144836,-78329.47099799986
2026-03-10 08:11:33,-63714.36452658437,-61852.80325494794,-134165.47134680368,-66421.24681056479,-85637.74912075029,-64485.79408316668
2026-03-10 08:12:03,-107197.48275862068,-31286.275862068964,-55706.24137931034,-22593.655172413793,-22561.41379310345,-46738.24137931034
2026-03-10 08:12:33,-134642.46060480672,-120901.6930450674,-111009.68932105789,-60803.42057170442,-57305.26533567807,-94602.01372366468
2026-03-10 08:13:03,-72583.70401020655,-81968.75969794145,-96293.98986241854,-67470.98375918073,-65463.777111134106,-63534.56777352506
2026-03-10 08:13:33,-85690.71347287836,-55224.66291941101,-97591.08934790854,-118487.22369736886,-39560.433118383386,-67464.22290423806
2026-03-10 08:14:03,-33863.90593752155,-39265.70581339218,-36652.09295910627,-35780.22205365147,-35810.59926901593,-33780.56685745811
2026-03-10 08:14:33,-67761.75862068965,-123267.06896551725,-66691.44827586207,-109984.41379310345,-54084.379310344826,-49668.89655172414
2026-03-10 08:15:03,-148457.6393917451,-105191.3037481466,-126031.75752560254,-125398.19316575289,-162461.2599565532,-124954.62225440501
2026-03-10 08:15:33,-105951.0016895969,-92375.6422192338,-107570.32516120133,-141644.73638840037,-161782.17992483015,-89715.76842177854
2026-03-10 08:16:03,-62437.96325024994,-113412.48664115557,-68269.59009894163,-81409.97000723962,-91863.2399076085,-71493.81183852172
2026-03-10 08:16:33,-80661.1518974253,-126239.1341812291,-84374.10815841175,-92575.25936649089,-82580.94647227105,-80637.30052045635
2026-03-10 08:17:03,-33771.23844986898,-38035.44338711902,-37004.06840435802,-38018.23886360502,-35816.16328782237,-33828.23058888429
2026-03-10 08:17:33,-79439.55172413793,-90403.93103448275,-64674.51724137931,-99664.55172413793,-76091.79310344828,-47269.89655172414
2026-03-10 08:18:03,-86403.6551724138,-48791.137931034486,-22607.103448275862,-56968.379310344826,-41737.137931034486,-12348.689655172413
2026-03-10 08:18:33,-83913.20390358286,-105584.19255836407,-140836.9943791165,-104359.18479947583,-85620.22828373392,-98776.85437428876
2026-03-10 08:19:03,-78996.20676575052,-140230.62864236697,-169594.08945136037,-90545.29466533328,-69751.68109245146,-67711.71419704126
2026-03-10 08:19:33,-57289.26132836747,-62341.92013242292,-70473.37747430857,-62945.06517690875,-59216.98048141251,-57161.32147044624
2026-03-10 08:20:03,-106791.17961449605,-102922.93369194167,-59487.46594945002,-61214.785697044936,-57346.50529292094,-80221.99234509155
2026-03-10 08:20:33,-98485.03345058279,-58292.15807986758,-67840.85109317883,-54138.38885440375,-54651.700117249464,-52079.52272570522
2026-03-10 08:21:03,-111140.22687308211,-137101.98944936733,-130243.59549012173,-169322.10460986797,-131076.5438058132,-125077.4057856084
2026-03-10 08:21:33,-88995.93131508172,-85230.88062892215,-53718.398731122,-85834.73553548031,-101916.6264395559,-41282.7391214399
2026-03-10 08:22:03,-113973.6896551724,-134902.62068965516,-123646,-132369.79310344826,-145700.41379310345,-121738.93103448275
2026-03-10 08:22:33,-87324.05587170202,-92183.54888773926,-73043.76616658045,-134230.6259699948,-85903.91446801172,-110475.1163993792
2026-03-10 08:23:03,-90731.04637131529,-75771.7634890536,-48940.80330977417,-75374.65954145836,-45734.56300637821,-43647.44009653508
2026-03-10 08:23:33,-36545.68965517241,-40516.89655172414,-41790.8275862069,-38677.793103448275,-38467,-36502.03448275862
2026-03-10 08:24:03,-97472.43198510395,-78249.40519292437,-74657.83938484879,-76119.40967552843,-87696.32081652356,-68165.82186821144
2026-03-10 08:24:33,-71509.98241439949,-84113.75469811384,-101486.19013137477,-73574.35950484466,-73479.91448570738,-71442.29509327264
2026-03-10 08:25:03,-57963.03320804165,-77019.44894651539,-92517.05231214868,-91185.9029621711,-83516.05227766474,-63862.443532535595
2026-03-10 08:25:33,-46772.130073450804,-152332.9425152591,-78788.88927204385,-50395.289492741125,-76689.57550260353,-110208.24856029516
2026-03-10 08:26:03,-72410.31034482758,-97246.10344827586,-63598.24137931034,-21100.206896551725,-48861.275862068964,-39862.862068965514
2026-03-10 08:26:33,-37189.400730984074,-41130.16343700435,-29686.05613405972,-46447.9001448176,-28483.38045652024,-26577.994621060618
2026-03-10 08:27:03,-39998.03461830219,-38275.08447693263,-73633.99075925798,-57858.113233570104,-53228.777325701674,-77675.02241224743
2026-03-10 08:27:33,-73511.32719561394,-77115.4098134547,-85062.20475156028,-93478.19040722733,-120038.27454225715,-81775.86979759317
2026-03-10 08:28:03,-33458.48562168126,-81997.58637335357,-45524.06730570306,-61946.176125784434,-53288.04910006207,-79968.14012826701
2026-03-10 08:28:33,-110763.04265370159,-90486.22461294437,-82962.13923657803,-134714.76845626012,-99194.2691631323,-93003.31023068169
2026-03-10 08:29:03,-99694.57567502327,-66016.31090727265,-104184.66154005309,-158938.7565088451,-142299.90689334113,-103504.29325149141
2026-03-10 08:29:33,-109973.48367297678,-110415.0546532878,-133220.68204544668,-243109.2376124961,-86966.44943277817,-84755.24981897174
2026-03-10 08:30:03,-87979.75931864418,-63536.878038688315,-84749.62932312678,-122107.92731285127,-62483.604013654694,-60500.01724078479
2026-03-10 08:30:33,-67044.41073029446,-197693.91766085097,-87263.94731397835,-118742.36259568307,-78659.33383904559,-78512.75774084547
2026-03-10 08:31:03,-39632.724137931036,-51264.55172413793,-39419.41379310345,-49869,-29551.241379310344,-36117.96551724138
2026-03-10 08:31:33,-34363.77116452291,-42002.13800475878,-53375.84054622572,-36497.844753267345,-36386.70298975826,-61007.55198455118
2026-03-10 08:32:03,-58830.48275862069,-105241.03448275862,-135076.06896551725,-75606.03448275862,-57853.55172413793,-67094.62068965517
2026-03-10 08:32:33,-66512.5172413793,-46630.724137931036,-56825.96551724138,-36425,-45554.862068965514,-61058.137931034486
2026-03-10 08:33:03,-40195.958760042755,-62925.00258611771,-34589.73828488673,-106626.90941691665,-96100.47929381744,-56825.8335919451
2026-03-10 08:33:33,-130868.72413793103,-88021.03448275862,-129703.58620689655,-83216.13793103448,-117307.27586206897,-89757.62068965517
2026-03-10 08:34:03,-48639.837230153804,-93134.56100420718,-77996.68942685702,-99768.22539485482,-53069.142699496515,-59151.56217670184
2026-03-10 08:34:33,-115657.02265595364,-136717.67991999723,-126977.7923376668,-180422.22145591225,-123081.0717610952,-94767.92303182867
2026-03-10 08:35:03,-88319.81655804973,-99563.39436571153,-107077.58353160237,-121999.37933174719,-73362.056480811,-71523.74056067033
2026-03-10 08:35:33,-63357.620689655174,-96012.62068965517,-64824.620689655174,-73932.6551724138,-64695,-62813.55172413793
2026-03-10 08:36:03,-68280.41379310345,-111462.8275862069,-129660.89655172413,-138879.75862068965,-89522.5172413793,-80331.75862068965
2026-03-10 08:36:33,-158406.89131859416,-69856.1031973235,-79640.46493981307,-140101.5072603732,-82110.75087089988,-130656.57227606665
2026-03-10 08:37:03,-207951.64850324183,-226384.8806731963,-219372.3961925783,-217000.862187888,-264231.3077665885,-186623.22389295077
2026-03-10 08:37:33,-127787.70429625544,-135648.50699951727,-181491.69022826012,-225005.1030963382,-231052.16881594373,-170322.56396110615
2026-03-10 08:38:03,-166291.35921660575,-93076.47748431143,-155503.06875387905,-102862.49224191435,-121015.06792634992,-72964.72657058135
2026-03-10 08:38:33,-55012.82714389159,-115416.22702665426,-102202.02751629255,-176071.54925692218,-101311.64442605428,-114115.92703699874
2026-03-10 08:39:03,-90833.54598434428,-71821.99386185729,-89446.46367116107,-93734.81844201522,-70781.37177144039,-58853.3397703369
2026-03-10 08:39:33,-65875.5172413793,-113931.24137931035,-110866.3448275862,-133581.24137931035,-55792.793103448275,-79949.5172413793
2026-03-10 08:40:03,-122996.96583112094,-163670.55132227702,-170521.94600558566,-185431.3346895149,-109307.03720304798,-129937.52370444438
2026-03-10 08:40:33,-130996.27599048307,-191449.01899934481,-102278.09385883244,-116052.34302265437,-136401.2620254474,-143646.35702217164
2026-03-10 08:41:03,-117199.40691700285,-189905.96875969792,-127960.79445536359,-109650.11551325815,-179443.74331919587,-117856.83252301643
2026-03-10 08:41:33,-119286.8176959415,-184688.87279748972,-98329.5058791076,-86295.67945932898,-86223.06127374918,-130253.7153891245
2026-03-10 08:42:03,-28024.689655172413,-84612.86206896552,-73519.44827586207,-30158.62068965517,-30061.344827586207,-59750.137931034486
2026-03-10 08:42:33,-141940.10344827586,-143354.93103448275,-113206.3448275862,-96843.96551724138,-59955.03448275862,-111119.27586206897
2026-03-10 08:43:03,-67197.33802282679,-109532.25750836177,-106541.01582704044,-127009.96517361469,-58292.9554153305,-75369.53898141443
2026-03-10 08:43:33,-43187.06896551724,-46891.55172413793,-89623.96551724138,-68625.03448275862,-36459.89655172414,-48586.58620689655
2026-03-10 08:44:03,-99355.19464846038,-121542.18820040686,-104668.90796869072,-88322.81645460501,-100475.01810282403,-83907.00320678596
2026-03-10 08:44:33,-84748.41379310345,-76807.31034482758,-67654.03448275862,-93210.24137931035,-70301.13793103448,-74168.06896551725
2026-03-10 08:45:03,-94471.2231456257,-121388.42718714436,-152549.77757853718,-154616.91782475254,-140910.58312355596,-139594.3308389944
2026-03-10 08:45:33,-98762.67328781296,-172400.37243947858,-83821.6773570591,-161166.8046072143,-153466.79081315952,-120389.19925512104
2026-03-10 08:46:03,-74035.03448275862,-60131.75862068965,-77431.89655172413,-119109.72413793103,-75058.5172413793,-54739.10344827586
2026-03-10 08:46:33,-78282.75862068965,-76774.31034482758,-76445.6551724138,-73831.4827586207,-72841.03448275862,-70878.6551724138
2026-03-10 08:47:03,-66490.84451187971,-70253.45701575915,-105887.13403910479,-72731.12865960895,-72664.81602813888,-70503.29321700748
2026-03-10 08:47:33,-64438.674528464544,-144446.9845867384,-110810.24792248545,-129707.18251094791,-86232.81955794629,-106034.89534843627
2026-03-10 08:48:03,-51015.239802779026,-53184.463676171436,-104332.24149225943,-71241.07850911976,-62654.311622935566,-47679.82622487329
2026-03-10 08:48:33,-119057.92903692975,-170059.23933657457,-161592.738181442,-109169.61484086754,-125284.30054136063,-105588.56591152029
2026-03-10 08:49:03,-160669.8275862069,-213134.79310344826,-203970,-159895.55172413794,-141172.3793103448,-118171.06896551725
2026-03-10 08:49:33,-179703.66539084856,-220818.00627564563,-257284.74880176544,-270671.4940864108,-238393.12437502152,-184941.17444226058
2026-03-10 08:50:03,-123360.57377331814,-173107.51353401603,-135722.97506982516,-177416.19254508463,-134706.21702699905,-105135.06430812729
2026-03-10 08:50:33,-274352.5983654608,-191299.8724093934,-179802.95872271454,-170504.70705886406,-98440.77381978687,-155149.69481706264
2026-03-10 08:51:03,-89322.57508361779,-134158.7531464432,-88057.37733181614,-93135.61601324091,-85818.07523878486,-104953.34643632977
2026-03-10 08:51:33,-47860.901348229374,-63249.40519292439,-82529.32657494569,-43173.26988724527,-62851.45339815869,-47639.08141098583
2026-03-10 08:52:03,-39617.077039795855,-41702.53120904891,-47727.498448168844,-41665.114835505905,-41586.97151527692,-39567.314987240505
2026-03-10 08:52:33,-84365.37931034483,-45729.89655172414,-71669.55172413793,-68924.62068965517,-42323.206896551725,-40559.275862068964
2026-03-10 08:53:03,-67900.38618026343,-80997.6553341149,-74261.77504999655,-152130.9564857596,-81089.58002896352,-101338.045652024
2026-03-10 08:53:33,-85467.9677263637,-106136.54230742708,-62402.558444245224,-75500.93097027791,-84900.62754292808,-102110.75098269085
2026-03-10 08:54:03,-98140.81787462934,-71230.01861940556,-107863.56113371492,-119326.66712640508,-94814.77139507621,-87029.92897041584
2026-03-10 08:54:33,-58430.55172413793,-52187.58620689655,-102063.20689655172,-73836.5172413793,-49776.206896551725,-57187.48275862069
2026-03-10 08:55:03,-87812.2693885996,-142624.19393772198,-95747.06024345665,-106983.2063174592,-92983.41322114554,-113332.52870788646
2026-03-10 08:55:33,-134516.4638140882,-165482.88108126746,-125603.48929421096,-269893.52825569775,-101767.61024721582,-113429.67968830813
2026-03-10 08:56:03,-69730.8023861246,-167589.2555429123,-131020.44757077341,-104552.08441088237,-76788.00731009274,-105059.4462259922
2026-03-10 08:56:33,-143310.41379310345,-163326.79310344826,-131799.8620689655,-150424.44827586206,-113497.75862068965,-130055.10344827586
2026-03-10 08:57:03,-59679.00294270383,-65517.84663320063,-55979.22797299637,-59814.92123939761,-55382.413017136925,-74028.56153713001
2026-03-10 08:57:33,-75704.67947170591,-136423.98013724608,-81306.28642366976,-70622.57319217903,-68696.12745267077,-73210.62795268801
2026-03-10 08:58:03,-64465.15397082657,-101626.15952274215,-68021.75937101278,-71895.85847787854,-84889.54791544535,-66974.13703920825
2026-03-10 08:58:33,-101313.35563295285,-101651.95351563845,-107597.6757819235,-122672.23007689918,-97172.66112624572,-69921.92834235662
2026-03-10 08:59:03,-111682,-124312.86206896552,-129571.6551724138,-115171.6551724138,-121193.3448275862,-98189.48275862068
2026-03-10 08:59:33,-69083.75573256095,-71350.22930243786,-68948.24316402883,-79752.9740353781,-111991.44857073895,-65580.66963208166
2026-03-10 09:00:03,-27381.62068965517,-29249.137931034482,-28861.58620689655,-40626.65517241379,-47840.55172413793,-27185.103448275862
2026-03-10 09:00:33,-57682.954584640844,-61717.50750025862,-64786.958170971404,-63297.01024173247,-59767.40577261284,-57644.367047139545
2026-03-10 09:01:03,-73821.22288512604,-37681.07045556437,-105179.91516363762,-35769.0450736283,-51278.27016587923,-39374.86636548609
2026-03-10 09:01:33,-81122.99575876693,-59506.568739008995,-44658.77038722802,-40977.0007930761,-40890.76238750388,-38868.5907382504
2026-03-10 09:02:03,-80265.29204882422,-93306.392662575,-161633.81835735467,-158610.26825736157,-78582.4425901662,-102125.64650713744
2026-03-10 09:02:33,-200059.0344827586,-210506.3103448276,-220599.2068965517,-168550.62068965516,-157167.58620689655,-241712.3103448276
2026-03-10 09:03:03,-61555.08430743768,-44831.626495638084,-87892.69335540154,-74389.98655218787,-49641.805454984315,-94869.31485121204
2026-03-10 09:03:33,-174081.6551724138,-176063.27586206896,-134056.6551724138,-128062.41379310345,-150387.2068965517,-123949.48275862068
2026-03-10 09:04:03,-123750.46554934826,-206937.1680805573,-182048.00331057317,-299828.64335471415,-163443.4443754742,-104496.55148630941
2026-03-10 09:04:33,-179759.73376556195,-159268.09669965858,-201134.11732248162,-237680.58764699797,-143870.57281787772,-145188.01945028795
2026-03-10 09:05:03,-142879.4441187627,-108375.39225490532,-121521.8800648298,-178720.19724818095,-103931.1700403462,-124461.01589709989
2026-03-10 09:05:33,-123891.27211283146,-81546.50160350355,-82678.71305907099,-91574.88189247904,-87023.89737577157,-124999.8620642091
2026-03-10 09:06:03,-101151.3740905486,-62930.174821557885,-67114.7201820627,-73011.58580738596,-59340.64342608876,-75490.87962484053
2026-03-10 09:06:33,-96063.4849477568,-73674.64395323976,-113965.61950412081,-73148.6947825787,-54131.48729266525,-58910.686575399144
2026-03-10 09:07:03,-80345.28776854373,-111285.69950687954,-85247.90510017585,-93718.4040828994,-62424.566364357386,-95919.16962653883
2026-03-10 09:07:33,-70009.24169798958,-113823.51115555708,-131122.31456257112,-128715.54191523844,-82993.27563019413,-80940.03241491085
2026-03-10 09:08:03,-182538.3129871026,-138283.43334023037,-110883.19884129943,-157294.5030691772,-163801.43458169533,-108209.3247810194
2026-03-10 09:08:33,-99339.55172413793,-154018.9655172414,-102532.8275862069,-140002.72413793104,-130912.5172413793,-76077.89655172413
2026-03-10 09:09:03,-85315.95282433271,-134570.83247120492,-86728.67094282364,-158641.18215049314,-126556.14180288295,-71243.32712600869
2026-03-10 09:09:33,-122370.74970687633,-167949.85861093868,-118046.14111318022,-191216.9115111387,-175149.32064280295,-107039.96827367405
2026-03-10 09:10:03,-113925.06896551725,-154486.62068965516,-213552.24137931035,-146866.58620689655,-138647.27586206896,-173094.6551724138
2026-03-10 09:10:33,-129929.27586206896,-156719.3103448276,-125812.86206896552,-132832.8620689655,-89254.41379310345,-114692.75862068965
2026-03-10 09:11:03,-236349.02244750177,-270200.0965483948,-200754.5257060101,-234753.6636667701,-221606.3239198648,-218807.2480259301
2026-03-10 09:11:33,-130683.81668333389,-134991.6548846512,-185541.1910755543,-146088.76168143726,-130488.18924790509,-126471.80937273697
2026-03-10 09:12:03,-124282.31034482758,-237425.0344827586,-199289.2068965517,-174515.55172413794,-140991.3103448276,-145326.3103448276
2026-03-10 09:12:33,-170287.0887647424,-169126.0086902545,-149366.4735499,-82582.48844747913,-130551.55527967446,-108712.46292847782
2026-03-10 09:13:03,-182842.82216628158,-130566.05400186211,-159427.80785544327,-146141.24624987066,-115241.93937721988,-195955.17086796093
2026-03-10 09:13:33,-177106.8275862069,-208471.44827586206,-221224.6551724138,-188657.10344827586,-172725.55172413794,-211023.10344827586
2026-03-10 09:14:03,-160337.93103448275,-188880.6551724138,-149981.93103448275,-237714.10344827586,-111318,-126125.06896551725
2026-03-10 09:14:33,-49505.793103448275,-55374.51724137931,-53917.55172413793,-54169.93103448276,-51431.68965517241,-49531.51724137931
2026-03-10 09:15:03,-34921.02903648528,-42169.97723980964,-36440.09931719429,-45932.85743844403,-36858.64542382233,-34842.9202013932
2026-03-10 09:15:33,-34617.06896551724,-64510.8275862069,-83305.10344827586,-54350.24137931034,-36286.68965517241,-60713.06896551724
2026-03-10 09:16:03,-71905.62068965517,-48280.793103448275,-38859.03448275862,-59836.206896551725,-44901.379310344826,-57316.31034482759
2026-03-10 09:16:33,-160862.96079175142,-151647.50508638227,-135790.68243732542,-100044.41532466635,-66856.09848615469,-143283.42356632985
2026-03-10 09:17:03,-44093.1057033697,-47545.69235535056,-80261.07458782225,-94083.74350325267,-71399.61449764224,-44296.699136061674
2026-03-10 09:17:33,-95563.62068965517,-88207.24137931035,-114155.62068965517,-177738.1379310345,-127798.75862068965,-108011.89655172413
2026-03-10 09:18:03,-73324.96551724138,-142281.75862068965,-102995.44827586207,-107290.72413793103,-118560.03448275862,-77734.55172413793
2026-03-10 09:18:33,-62529.92897041584,-104361.49231087511,-89223.12254327288,-37674.505206537484,-48871.1123370802,-41071.47782911523
2026-03-10 09:19:03,-11698.217302851624,-10899.589669321746,-10255.99117271818,-10917.864901210301,-10810.075514637425,-10301.955104996377
2026-03-10 09:19:33,-29432.48275862069,-31257.379310344826,-48253.206896551725,-39286.620689655174,-29509.931034482757,-44917.275862068964
2026-03-10 09:20:03,-92770.90445157062,-125037.89524499154,-129008.86176338745,-133699.59656563564,-93751.18099375883,-129804.07572152682
2026-03-10 09:20:33,-87694.5622564739,-99926.96803558497,-143240.06068756248,-160060.96341505463,-128623.08196269092,-126873.93538153855
2026-03-10 09:21:03,-168889.279680011,-105820.55791179613,-167707.6652529223,-135205.26878383502,-98292.88645219129,-131320.1958553153
2026-03-10 09:21:33,-133528.36109099686,-95937.9676562877,-102904.45157063549,-94673.52849901727,-90024.20606185992,-107760.83583324711
2026-03-10 09:22:03,-183144.556708852,-158715.6453670816,-170180.48898237868,-160379.2544570502,-126133.86668505809,-115589.84792579053
2026-03-10 09:22:33,-176394.14523136336,-165792.66947107096,-181351.87228467004,-193506.06854699677,-172825.94303841115,-139241.63850768912
2026-03-10 09:23:03,-139572.4777601545,-93623.16391972968,-102581.61506103027,-206456.24439693816,-119214.36452658438,-134923.55699606924
2026-03-10 09:23:33,-67491.70661057277,-74577.77854408772,-67435.60122762853,-80644.74637056449,-68532.88044415324,-66125.0732783889
2026-03-10 09:24:03,-161382.84886728044,-261822.1440639978,-193956.5187407331,-243915.45119133824,-178910.4168821765,-207913.20988931417
2026-03-10 09:24:33,-257129.5172413793,-235991.5172413793,-241975.1724137931,-225862.2068965517,-228413.10344827586,-253995.0344827586
2026-03-10 09:25:03,-103542.22268197648,-107132.0299300024,-105365.9184166063,-103741.45719113133,-99928.55418778662,-97818.28212820247
2026-03-10 09:25:33,-146718.5172413793,-95072.3448275862,-139960.55172413794,-117446.48275862068,-80781,-82551.20689655172
2026-03-10 09:26:03,-111269.6896551724,-89405.1724137931,-98199.6551724138,-74816.6551724138,-100980.31034482758,-71128.79310344828
2026-03-10 09:26:33,-32527.689655172413,-34922.1724137931,-38632.24137931035,-34729.724137931036,-78034.72413793103,-32521.379310344826
2026-03-10 09:27:03,-82366.58620689655,-99053.44827586207,-90822.8275862069,-62693.31034482759,-82027.6896551724,-53255.58620689655
2026-03-10 09:27:33,-48316.28676850925,-74648.160281389,-84626.81471774887,-63912.34180488982,-64107.38301320734,-68335.08052001792
2026-03-10 09:28:03,-57600.75862068965,-114299.48275862068,-95476.6896551724,-105503.37931034483,-79417.03448275862,-76448.58620689655
2026-03-10 09:28:33,-42407.49681023483,-109392.22042139382,-53096.76195730887,-124691.74799131003,-87975.24052553535,-43998.55167419565
2026-03-10 09:29:03,-45386.69746914006,-48624.232811530244,-46695.19343493552,-62041.75574098338,-62905.83408040825,-55746.91400593063
2026-03-10 09:29:33,-59099.037897858536,-66201.24831890754,-94646.50505189833,-100329.90792785956,-62292.010069312724,-116715.9557226111
2026-03-10 09:30:03,-60774.731905796354,-30310.851349953453,-103828.7300437916,-117899.79655873937,-65177.545601875805,-54724.56122202683
2026-03-10 09:30:33,-21114.689655172413,-25556.48275862069,-33157.48275862069,-78476.24137931035,-23109.896551724138,-29096.827586206895
2026-03-10 09:31:03,-145751.54315666054,-85597.84820166211,-189633.43563571156,-95326.70092072139,-80213.83495982618,-118562.50215524672
2026-03-10 09:31:33,-186452.8620689655,-178905.27586206896,-192326.75862068965,-196769.1379310345,-123330.20689655172,-107794.79310344828
2026-03-10 09:32:03,-106187.33836764249,-196451.5361539257,-123530.1541326161,-158430.91617530427,-93155.44291576151,-104429.05417054583
2026-03-10 09:32:33,-124317.75862068965,-85029.72413793103,-70586.93103448275,-81336.72413793103,-95202.58620689655,-93080.27586206897
2026-03-10 09:33:03,-76451.39822764731,-85235.54360194475,-53561.08410054825,-113055.54980862727,-83777.42146822522,-52918.0717906279
2026-03-10 09:33:33,-21163.724137931033,-29564.241379310344,-27496.655172413793,-66391.03448275862,-27598.724137931033,-25562.068965517243
2026-03-10 09:34:03,-27725.54226007793,-31577.4337046105,-31330.942446291247,-40432.566640228964,-29747.40508293389,-27727.852684575326
2026-03-10 09:34:33,-42490.06965036894,-62179.953106682304,-44151.024067305705,-57824.87414661058,-48515.68857320185,-44510.82683952831
2026-03-10 09:35:03,-61165.5229490672,-27639.74619814476,-62925.23880133797,-41357.25369840339,-29667.712679747572,-23999.827580261386
2026-03-10 09:35:33,-50579.89104199711,-58533.30804772085,-83763.74043169437,-89204.50313771464,-53880.66340252397,-50442.452244672786
2026-03-10 09:36:03,-58495.87916824717,-102085.14086692643,-111952.10179661366,-162803.6139177213,-94429.91137625434,-89724.16290216903
2026-03-10 09:36:33,-112903.85875375012,-81249.5258457188,-102862.06420911064,-73357.56405393289,-104377.87509914134,-97616.12469395495
2026-03-10 09:37:03,-80300.1724137931,-112734.93103448275,-136345.8275862069,-60471.75862068965,-75305.31034482758,-94279.62068965517
2026-03-10 09:37:33,-84068.13793103448,-82304.20689655172,-68340.4827586207,-60614.275862068964,-73484.6551724138,-65862.96551724138
2026-03-10 09:38:03,-67673.75862068965,-99052.96551724138,-47289.206896551725,-87928.6551724138,-61389.31034482759,-46923.24137931034
2026-03-10 09:38:33,-99326.62068965517,-86279.72413793103,-62501.724137931036,-74095.24137931035,-56273.75862068965,-54321.93103448276
2026-03-10 09:39:03,-56494.1724137931,-123789.93103448275,-93074.48275862068,-86330.06896551725,-46646.96551724138,-73694.27586206897
2026-03-10 09:39:33,-41830.574522380855,-70284.60583488517,-44741.0855921098,-121871.30146906684,-65189.66825298296,-41846.33422994689
2026-03-10 09:40:03,-27387.1434976032,-31271.78673655895,-30362.968582956855,-45984.446666896576,-29378.935751974343,-27388.040142083664
2026-03-10 09:40:33,-134794.89655172414,-67059.06896551725,-81664.1724137931,-111868.06896551725,-56657.793103448275,-70592.58620689655
2026-03-10 09:41:03,-50032.793103448275,-76824.93103448275,-45216.448275862065,-63195.793103448275,-31086.41379310345,-44410.89655172414
2026-03-10 09:41:33,-72396.10344827586,-41255.89655172414,-35815.93103448276,-84453.03448275862,-113097.37931034483,-41855.10344827586
2026-03-10 09:42:03,-68436.11408076697,-66671.44877056246,-146484.1880194503,-128920.26761389109,-90845.53574507707,-109437.32110218298
2026-03-10 09:42:33,-103418.57177338713,-79414.98569014862,-110154.1670976863,-160659.49450018967,-105522.6026688735,-120060.27378366265
2026-03-10 09:43:03,-76482.56836442635,-75271.45763647021,-91938.20476568156,-56770.130004482904,-54174.971550743125,-48804.82085589157
2026-03-10 09:43:33,-79805.4693427133,-142837.78191599424,-105770.22553279539,-84384.50927650185,-56269.190978688195,-102668.39092351198
2026-03-10 09:44:03,-127598.70349298298,-141073.68711423743,-111322.26474949138,-140428.81279955863,-124838.04006758386,-96055.48084548807
2026-03-10 09:44:33,-79792.99286182282,-165984.51670747265,-134537.3288734094,-83638.15993654952,-103703.19666195384,-72088.38235801233
2026-03-10 09:45:03,-130281.58620689655,-112077.03448275862,-105753.62068965517,-154680.24137931035,-136422.75862068965,-88273.10344827586
2026-03-10 09:45:33,-141089.8620689655,-64307.13793103448,-89140.41379310345,-112086.48275862068,-120351.6551724138,-92381.55172413793
2026-03-10 09:46:03,-83727.5611185821,-113228.92314058135,-59255.68083859177,-56526.188752111986,-68425.60601358573,-61749.18106272197
2026-03-10 09:46:33,-98973.37839235834,-144268.66443670468,-89571.84730507947,-63286.52712162487,-54302.35525362943,-118781.78557881304
2026-03-10 09:47:03,-87839.3448275862,-117388.96551724138,-125405.6896551724,-140427.93103448275,-84279.37931034483,-126292.93103448275
2026-03-10 09:47:33,-109862,-145384.9655172414,-137702.8620689655,-120796.75862068965,-100646.6896551724,-81480.6896551724
2026-03-10 09:48:03,-89965.69083824697,-113023.55091203752,-110219.30278266268,-147467.63904692943,-102938.41591669254,-113378.64211578912
2026-03-10 09:48:33,-64284.63554237639,-69174.26384387285,-101427.1774360389,-70554.85828563548,-141746.9484863113,-64338.66629887594
2026-03-10 09:49:03,-75870.5728178777,-60982.72235058799,-83988.99886195123,-59298.09980342794,-120458.5991654309,-54864.434251819155
2026-03-10 09:49:33,-127052.9636909072,-94002.75852556808,-175204.06192889897,-199777.83524706043,-103015.58566945966,-66149.89138305574
2026-03-10 09:50:03,-111563.01941446256,-179549.15686747816,-135555.77778544085,-97771.44039449634,-109719.26618159245,-129917.06610572776
2026-03-10 09:50:33,-196230.31828683746,-187135.6253663919,-75024.20773130107,-174474.9474119797,-124747.54301872477,-95409.39342735955
2026-03-10 09:51:03,-142448.3448275862,-151680.93103448275,-115720.93103448275,-192322.41379310345,-170377.10344827586,-160845.72413793104
2026-03-10 09:51:33,-103500.67239060721,-109030.13689183131,-109509.98241439949,-144450.9499672425,-179012.10303092995,-101114.16847694905
2026-03-10 09:52:03,-187219.11100382768,-127043.55322597329,-213223.52494913616,-173755.12948722366,-140000.31035552948,-109187.38577192316
2026-03-10 09:52:33,-112122.07738464724,-101773.88095730742,-165269.1564935513,-120499.34478239881,-98003.8968204704,-122816.50458652322
2026-03-10 09:53:03,-63230.32693722002,-64781.10583673196,-142783.3455906933,-87269.00447950792,-93718.15872166878,-71386.7419937153
2026-03-10 09:53:33,-94899.03100106899,-121195.66191937651,-121852.99493085967,-90794.9929307907,-74993.3790820373,-112772.95768819613
2026-03-10 09:54:03,-122703.41379310345,-118487.1724137931,-140852.44827586206,-158412.8620689655,-62549.55172413793,-73951.93103448275
2026-03-10 09:54:33,-91960.27449222386,-108735.50812096968,-107446.3602193179,-83053.62253870822,-98055.65709162384,-100163.07458877891
2026-03-10 09:55:03,-104647.16024690506,-192721.47315424666,-170744.1980757957,-103819.26962998723,-133444.8429256181,-118989.58584778784
2026-03-10 09:55:33,-70391.00596613443,-99827.29247853225,-98081.24978446045,-50726.90278304652,-61025.312963410004,-68052.07435251922
2026-03-10 09:56:03,-91239.33657460088,-132751.35340160684,-131939.58829005898,-115277.71456156686,-105682.25233612634,-101855.62566808042
2026-03-10 09:56:33,-68778.97713556574,-155680.62213332413,-71125.97854950512,-124993.93040659378,-59159.49925854398,-112915.33606924854
2026-03-10 09:57:03,-103440.34071315265,-118598.86888750951,-94654.87274984483,-183533.760949031,-108401.16559762745,-110525.31209048902
2026-03-10 09:57:33,-55352.89655172414,-57466.55172413793,-58837.31034482759,-57401.862068965514,-55418.06896551724,-53390.96551724138
2026-03-10 09:58:03,-64725.1724137931,-52279.96551724138,-97032.27586206897,-67512.4827586207,-53123.58620689655,-50318.379310344826
2026-03-10 09:58:33,-73555.91572123175,-76003.2414910859,-109267.42301458669,-120304.18290285871,-104430.87692679056,-80758.54339804819
2026-03-10 09:59:03,-55214.041863512524,-40135.590882444216,-50073.24390496223,-49192.17904065657,-58517.017828200966,-53064.20911065898
2026-03-10 09:59:33,-81123.10769336873,-59654.50532776991,-44263.80220007586,-50301.01037966826,-71887.37542673884,-59398.8068554088
2026-03-10 10:00:03,-106937.9633780475,-106097.48612021103,-95271.18176488843,-96891.6514362564,-101059.07100244834,-74095.83089072036
2026-03-10 10:00:33,-65142.58129030034,-67614.63397813869,-70516.70632047171,-68947.0018275232,-65789.2486465984,-74507.32733354023
2026-03-10 10:01:03,-175121.38768190908,-123916.5804538244,-137251.4656183185,-174907.57983309194,-117799.39995861784,-99476.4466514932
2026-03-10 10:01:33,-63824.85602951825,-86405.9105486396,-85270.3541501431,-83452.67078175108,-64417.56612296975,-62376.21986965067
2026-03-10 10:02:03,-95166.41953170797,-114466.7402324218,-133350.83968412702,-169919.6179178592,-97253.0776923342,-73419.04893272181
2026-03-10 10:02:33,-44518.24263742327,-81477.34326505275,-111502.58638526795,-104189.01303538175,-46634.31960824884,-44669.11511138699
2026-03-10 10:03:03,-124510.31105593489,-185377.95710048967,-79210.94558245396,-107178.9778605421,-96120.14621698047,-106136.80253810607
2026-03-10 10:03:33,-87982.72294641011,-146476.96392854681,-97696.35836954274,-75212.77329470999,-193887.26808745434,-142702.70363473345
2026-03-10 10:04:03,-154457.11625340552,-162029.3133772459,-121738.21429803083,-154798.84125944064,-174123.87488360863,-187680.0358657792
2026-03-10 10:04:33,-127410.03448275862,-135191.6896551724,-127658.13793103448,-175903.6551724138,-123920.75862068965,-121885.37931034483
2026-03-10 10:05:03,-64157.941927029446,-68431.6159735154,-68802.22773984412,-77741.18904752051,-64080.626250086214,-62136.285261052486
2026-03-10 10:05:33,-76808.45488086618,-65052.89472776801,-66887.31423054378,-69241.92269232096,-58036.515982207515,-60082.0661356505
2026-03-10 10:06:03,-50833.62068965516,-93507.86206896549,-77491.13793103446,-74671.75862068964,-50840.55172413792,-56668.79310344826
2026-03-10 10:06:33,-137078.6179786904,-138458.50143098514,-162664.7012171994,-73134.75397400091,-93577.01458570395,-121509.12037515949
2026-03-10 10:07:03,-59322.8609856192,-65090.35417456978,-70161.6718970928,-56663.58588819533,-56618.61571886747,-54570.81767079353
2026-03-10 10:07:33,-64068.719398662164,-68734.29418660782,-70875.80166885043,-64776.084407971866,-64567.99531066823,-62622.71567478105
2026-03-10 10:08:03,-105552.55172413793,-91680.96551724138,-93380.55172413793,-125814.75862068965,-105408.27586206897,-71874
2026-03-10 10:08:33,-151402.10344827586,-163014,-186748.1379310345,-189326.3103448276,-135240.1379310345,-139308.41379310345
2026-03-10 10:09:03,-134948.0344827586,-71745.44827586207,-105496.10344827586,-69297.93103448275,-100022.58620689655,-108779.03448275862
2026-03-10 10:09:33,-41593.39977240594,-47198.04131176937,-46774.474981895924,-43808.924445670535,-107736.02538018551,-51880.06482982171
2026-03-10 10:10:03,-46045.68965517241,-79487,-100683.31034482758,-89670.62068965517,-53490.31034482759,-66891.4827586207
2026-03-10 10:10:33,-33937.793103448275,-36095.8275862069,-80998.89655172413,-62326.41379310345,-34633.31034482759,-60067.06896551724
2026-03-10 10:11:03,-20250.64020486556,-52800.46948356808,-22139.28012519562,-44422.962014511315,-22546.912789870537,-20419.19191919192
2026-03-10 10:11:33,-96755.28430054135,-95582.04889486569,-148728.11282369573,-114971.51822350953,-113908.76176683561,-85029.9989655529
2026-03-10 10:12:03,-113783.3522981966,-91116.65114996034,-137174.02848177648,-104587.11768559704,-82545.98117306299,-69882.34888452121
2026-03-10 10:12:33,-65259.53514035452,-67444.58238499209,-87278.05365887305,-118658.97648113665,-64241.29250293125,-62268.91509759295
2026-03-10 10:13:03,-130548.1724137931,-138694.1379310345,-103147,-135707.3103448276,-75061.86206896552,-107580
2026-03-10 10:13:33,-112377.08196834371,-142623.05596744714,-124795.02741473842,-149673.60943480808,-115764.78499258593,-113935.13569433427
2026-03-10 10:14:03,-86653.52918864865,-61691.35547050101,-71036.68839005551,-116477.3628495569,-60398.089721044096,-90025.79221406157
2026-03-10 10:14:33,-48589.06896551724,-100268.10344827586,-90849.93103448275,-146283.8620689655,-78676.5172413793,-50632.724137931036
2026-03-10 10:15:03,-96229.72413793103,-135475.0344827586,-103402.6551724138,-117967.06896551725,-116689.20689655172,-99211.93103448275
2026-03-10 10:15:33,-81877.2716300562,-50008.620986930575,-51085.41673850822,-68004.00013793579,-61372.2542156626,-65878.47856822648
2026-03-10 10:16:03,-92840.38481431674,-177557.63594358813,-73525.25774973276,-125822.55784283299,-51954.44984655701,-67962.27716285645
2026-03-10 10:16:33,-60878.206896551725,-104490.24137931035,-64043.13793103448,-117829.72413793103,-59158.51724137931,-85710.55172413793
2026-03-10 10:17:03,-84931,-102139.62068965517,-134905.27586206896,-111442.79310344828,-111363.10344827586,-83348.58620689655
2026-03-10 10:17:33,-68165.31034482758,-133053.75862068965,-72296.20689655172,-67529.20689655172,-67280.62068965517,-89783.6551724138
2026-03-10 10:18:03,-84449.79310344828,-175533.4827586207,-176965.9655172414,-139531.75862068965,-88359.79310344828,-134551.62068965516
2026-03-10 10:18:33,-211283.3793103448,-300118.8275862069,-251393.62068965516,-211901.79310344826,-211889.79310344826,-152317.06896551725
2026-03-10 10:19:03,-127726.22577753259,-152861.66471277844,-171986.6216123026,-316471.31232328806,-197248.9138680091,-136325.18447003656
2026-03-10 10:19:33,-122032.51836270215,-117548.74306010551,-106442.56698506844,-148849.78792372148,-139399.151694886,-103908.34166695402
2026-03-10 10:20:03,-36975.41294527397,-59887.40991068657,-44190.38587537501,-43129.48722369736,-17696.644711886613,-30660.988309941717
2026-03-10 10:20:33,-65506.189441743394,-63869.28036964243,-21165.270163097826,-77696.14840867557,-27537.42974380194,-29848.00524119858
2026-03-10 10:21:03,-11045.344827586207,-20210.206896551725,-37919.06896551724,-56777.58620689655,-38496.379310344826,-10468.206896551725
2026-03-10 10:21:33,-10661.896551724138,-10837.827586206897,-9981.655172413793,-10783.724137931034,-10818.827586206897,-10292.51724137931
2026-03-10 10:22:03,-10823.833660908245,-11003.275749112101,-10602.25509465191,-11021.137202165444,-10886.969414847765,-10339.160718595911
2026-03-10 10:22:33,-11021.482017861454,-10852.93610565153,-10302.506810109997,-11082.652322333714,-10865.280507568705,-10296.369090721011
2026-03-10 10:23:03,-10906.76505068616,-11114.992069512447,-10462.968071167506,-11007.10295841666,-10939.211088890423,-10285.152748086339
2026-03-10 10:23:33,-10869.133418393736,-10885.237421980066,-10624.711196937824,-11004.00013793579,-10775.13017690265,-10324.562915962619
2026-03-10 10:24:03,-10990.51756835971,-11109.96172545774,-10422.226819764834,-10990.207234233301,-10881.900624116408,-10353.091272714733
2026-03-10 10:24:33,-10766.594255370504,-10773.525050860317,-9921.002724044,-10931.381676493915,-10689.010723768146,-10129.58173856074
2026-03-10 10:25:03,-103410.6754939485,-106599.11727181822,-112763.45643253681,-104943.13989172789,-104610.46170821697,-102791.42098548327
2026-03-10 10:25:33,-216138.10344827586,-185735.5172413793,-166842.55172413794,-203280.3448275862,-182449.44827586206,-191226.4827586207
2026-03-10 10:26:03,-140514.75862068965,-150691.24137931035,-147278.24137931035,-152693.10344827586,-155270.1724137931,-158093.4827586207
2026-03-10 10:26:33,-143011.62068965516,-192688.1379310345,-193595.3448275862,-250263.5172413793,-157570.55172413794,-154118.75862068965
2026-03-10 10:27:03,-160516.08787115908,-145556.7472497155,-145634.58288788496,-130186.5020519364,-129867.5380211746,-130230.67903576231
2026-03-10 10:27:33,-167723.8371090652,-183114.5477742147,-170318.2304058481,-161314.954656736,-147855.1774076756,-119941.20892383023
2026-03-10 10:28:03,-125042.6566433325,-111493.32735611571,-113434.08393392873,-97108.27959584811,-97388.77202662159,-78305.32087313355
2026-03-10 10:28:33,-76367.95641078697,-70403.88992344301,-63502.103593351276,-90869.23236085249,-69988.58541968412,-62733.18849575834
2026-03-10 10:29:03,-110396.8067864409,-115929.10100348287,-82799.75171557639,-82498.5689161695,-79470.01620745542,-69706.92092830787
2026-03-10 10:29:33,-81442.89655172413,-70818.72413793103,-84012.27586206897,-69061.10344827586,-60442.75862068965,-60057.48275862069
2026-03-10 10:30:03,-90025.00086209868,-49038.104762233175,-55806.4071174868,-64943.06700231042,-85082.03731163143,-56332.149384461525
2026-03-10 10:30:33,-84664.37272039088,-90339.79079209964,-94646.8584405753,-91832.77131649575,-134944.7388342165,-92622.49673112655
2026-03-10 10:31:03,-51909.686540915194,-45066.5540191041,-78667.26438842718,-109318.49374116347,-53195.24811200386,-75887.34094279112
2026-03-10 10:31:33,-143718.16269526535,-100112.59008931341,-176834.82189040998,-144806.02779406184,-116366.90920376564,-127338.1495913652
2026-03-10 10:32:03,-82380.21515757534,-156887.83532170195,-125334.83897662231,-118193.50389628301,-105227.39811047514,-109777.80842700503
2026-03-10 10:32:33,-151999.0690297221,-179030.92890145507,-188183.57354665195,-160535.75615474794,-102531.4805875457,-109087.85600993036
2026-03-10 10:33:03,-189624.43532535603,-166735.81847649917,-231904.4449808614,-205913.928066485,-146677.16128142347,-160457.56750232764
2026-03-10 10:33:33,-104927.28589160115,-111344.71107433457,-165314.50834367672,-110086.50530961246,-152256.55082057646,-105722.03833953937
2026-03-10 10:34:03,-74929.72656115306,-72238.57798006965,-133492.87955587736,-123925.34740181372,-128917.17526981827,-84104.09985862556
2026-03-10 10:34:33,-37075.238784869485,-42807.45491534774,-76156.96010482396,-39016.41322713009,-71573.56642874383,-52588.80728250749
2026-03-10 10:35:03,-40670.72371823605,-44541.35779057339,-41909.1473295866,-47365.893183463784,-66093.50756818261,-49849.42936937559
2026-03-10 10:35:33,-160404.61331586388,-130798.84839499363,-152410.26790332037,-195407.06133848225,-183047.0640968176,-135773.98889770024
2026-03-10 10:36:03,-122597.15182235096,-189159.06348056966,-146110.44446743216,-158104.3412296128,-105696.8380400676,-127810.79962759906
2026-03-10 10:36:33,-201451.72413793104,-230521.6551724138,-251921.58620689655,-212321.3448275862,-176825.93103448275,-210887.62068965516
2026-03-10 10:37:03,-132329.8620689655,-151999.4827586207,-136833.27586206896,-170738.5172413793,-126859.20689655172,-125103.13793103448
2026-03-10 10:37:33,-70418.4827586207,-123590.20689655172,-138806.0344827586,-150617.3793103448,-131311.9655172414,-102349.96551724138
2026-03-10 10:38:03,-84853.40873823233,-55563.43322183523,-130759.3365288458,-76966.34366702299,-65010.72450774164,-32751.612124556013
2026-03-10 10:38:33,-104763.1724137931,-101095.58620689655,-133666.44827586206,-109978.03448275862,-107916,-101070.10344827586
2026-03-10 10:39:03,-195529.1541670977,-239834.660873763,-251758.5600496535,-270978.48350056895,-176979.4834660874,-227458.01868901073
2026-03-10 10:39:33,-91367.89655172413,-144139.0344827586,-98487.44827586207,-159123.06896551725,-93282.06896551725,-147220.89655172414
2026-03-10 10:40:03,-91642.06896551725,-104569.41379310345,-101089.58620689655,-117502.6896551724,-82114.41379310345,-63091.48275862069
2026-03-10 10:40:33,-84189.83413221144,-65857.71923169763,-98576.0543467016,-106254.49153419082,-74487.18921342114,-82473.18873064587
2026-03-10 10:41:03,-43938.24137931035,-68843.8275862069,-62868.379310344826,-76948.1724137931,-45949.275862068964,-43977.65517241379
2026-03-10 10:41:33,-101093.16920106205,-53060.23930209303,-71165.47705251543,-93954.41536498742,-48196.92424399159,-51524.15433950554
2026-03-10 10:42:03,-126516.6373573325,-212413.12368539014,-154021.68890727905,-153645.70187234922,-162072.10096203577,-120681.18340746869
2026-03-10 10:42:33,-107413.9453084589,-95363.7711645229,-91752.64664298767,-115433.46322286974,-84651.67764405668,-87665.05741577294
2026-03-10 10:43:03,-138520.6551724138,-75545.27586206897,-107684.31034482758,-98328.06896551725,-121940.48275862068,-91323.72413793103
2026-03-10 10:43:33,-143541.60201372363,-146049.5155339471,-82671.56304955001,-105232.50922381986,-121345.7811799593,-96403.60677218025
2026-03-10 10:44:03,-128731.73338850382,-139040.6882521292,-123234.37122857831,-154039.4469156236,-121545.70532050618,-102703.90676183578
2026-03-10 10:44:33,-112867.78854443255,-56636.056415738465,-97495.6377806131,-49286.11331425221,-79318.56270905893,-86866.37470257594
2026-03-10 10:45:03,-52629.97827661115,-55509.8100065515,-44719.32002344747,-59787.24871556154,-45251.16375297404,-43173.06299782766
2026-03-10 10:45:33,-124834.07468707976,-202826.90252060274,-81104.58260059998,-115059.65311540982,-118814.90293438158,-90712.59611737527
2026-03-10 10:46:03,-107218.15736845735,-75604.64795531343,-94387.76636094063,-30285.600993034965,-87904.38590442039,-84582.37362940487
2026-03-10 10:46:33,-76043.65366711492,-80997.89662425432,-85506.8790731354,-153060.68756249783,-138444.7088031447,-105834.14365021895
2026-03-10 10:47:03,-86442.57094582944,-90823.66125306023,-74426.67494224336,-107017.51663735732,-113936.03668839004,-105395.2967139064
2026-03-10 10:47:33,-184395.3175643059,-171491.86263016344,-144113.16460933728,-200598.09668298738,-118903.28253223916,-172570.9606234053
2026-03-10 10:48:03,-227935.0712044412,-261418.6407365263,-248744.5260508258,-227702.01027550772,-142723.00955139476,-177967.1735457398
2026-03-10 10:48:33,-141196.44150201714,-178999.31036860796,-198711.76855970483,-151376.1939243474,-142711.83752284403,-126932.55404986034
2026-03-10 10:49:03,-124039.55036033239,-110212.33750560324,-88097.54836040136,-107434.6401848212,-123054.20502741283,-87484.74190545152
2026-03-10 10:49:33,-106495.4653608745,-48496.25849167212,-81184.10979688953,-58532.949412048685,-38423.42839408255,-72099.38273733576
2026-03-10 10:50:03,-128618.4614323644,-104843.07437674564,-133569.42864039174,-69958.79452432675,-65392.12440950313,-100828.695562222
2026-03-10 10:50:33,-49403.3448275862,-98156.37931034483,-37421.620689655174,-53056.448275862065,-55933.24137931034,-64577.1724137931
2026-03-10 10:51:03,-73150.33445969244,-172049.99655196193,-113451.79642783257,-119616.23336321634,-129536.82504654852,-119540.06620233088
2026-03-10 10:51:33,-167180.69673684574,-151857.44805485682,-198576.58247475966,-137931.0843871679,-169634.95399882842,-141020.12335894696
2026-03-10 10:52:03,-225757.120198607,-176588.16633335632,-230181.50472381216,-195336.87331908144,-189246.05199641405,-174394.80035859597
2026-03-10 10:52:33,-83105.57528531532,-103033.58273282075,-103308.5198082957,-122887.63231389858,-87160.43167948144,-84952.14288177087
2026-03-10 10:53:03,-185447.96910557893,-158830.7013309427,-195817.90910971657,-161522.2398455279,-171083.82180539274,-145043.27287773258
2026-03-10 10:53:33,-185323.7362940487,-132794.0486862975,-150018.92972898422,-156895.83477001588,-122735.01827460175,-149049.99655196193
2026-03-10 10:54:03,-93612.09571753672,-164636.57678780775,-172509.2407420178,-98620.7847734639,-99199.46900213779,-82711.95089993793
2026-03-10 10:54:33,-108586.3043928005,-139745.12102613613,-142452.72739811047,-142857.4581063375,-127260.01655058272,-132774.2569477967
2026-03-10 10:55:03,-254825.49479346254,-239986.13888697332,-268395.21412316395,-248473.69146955383,-233718.5711330253,-180317.56430590994
2026-03-10 10:55:33,-198693.36597476038,-233583.40804082478,-225118.30218605616,-197630.64616233364,-197031.89435211365,-202990.72477760154
2026-03-10 10:56:03,-94159.79861374528,-102981.99937928893,-214731.78385461564,-204450.15345356733,-107644.43601503498,-141477.2578364771
2026-03-10 10:56:33,-145610.67623021483,-138898.3068381668,-199702.47249905166,-130088.41684196005,-113073.8301320735,-121206.4553950136
2026-03-10 10:57:03,-221591.683332184,-196956.45127922212,-124240.84545893387,-246681.50472381216,-214688.19391766086,-135959.14074891387
2026-03-10 10:57:33,-119710.98544927937,-126190.05585821669,-119797.56568512517,-127347.87256051307,-142645.30032411558,-131035.58375284464
2026-03-10 10:58:03,-116753.27586206897,-121221.8275862069,-82064.20689655172,-142869.0344827586,-105502.27586206897,-78644.5172413793
2026-03-10 10:58:33,-35020.999275887036,-37008.44798455225,-36188.441777869724,-82192.51060308264,-72555.63601255129,-33334.64363297817
2026-03-10 10:59:03,-106519.37931034483,-52770.55172413793,-70171.03448275862,-94652.75862068965,-49497.3448275862,-77470.3448275862
2026-03-10 10:59:33,-72743.95668816165,-151053.17424738783,-92529.15617779922,-120187.73061140037,-79960.13655643298,-77913.4108072692
2026-03-10 11:00:03,-109265.27375534408,-112523.51399806923,-109392.98027858225,-111025.37581023306,-105617.15625430974,-103732.10591642531
2026-03-10 11:00:33,-45495.93131508172,-56335.94234880353,-107336.3561133715,-44330.11516447142,-44121.99158678712,-42163.23012206055
2026-03-10 11:01:03,-129821.99386185729,-134400.46208489945,-167478.87858202006,-80742.57733025275,-117323.97668885133,-119595.39984137383
2026-03-10 11:01:33,-198182.75231888553,-189142.13302989549,-242662.0806179097,-244713.14782248886,-183215.30292058893,-171943.86400468947
2026-03-10 11:02:03,-185025.5499620716,-209980.75994758983,-159453.48596648508,-151228.67388455968,-145488.4145920971,-161748.84490724778
2026-03-10 11:02:33,-119533.55403820954,-105398.06193530589,-94262.70777294986,-119091.4545830747,-134862.57672942962,-113925.54658941996
2026-03-10 11:03:03,-86423.4044753991,-133514.05027066168,-138098.16225907666,-97761.05920077235,-85546.32279419371,-101418.4739509706
2026-03-10 11:03:33,-49608.8065928761,-51502.60335850487,-50990.62101306851,-52838.10903072307,-50015.033964346054,-48000.99996551842
2026-03-10 11:04:03,-107240.41379310345,-95456.1724137931,-76867.06896551725,-70152.24137931035,-74097.86206896552,-89687
2026-03-10 11:04:33,-90724.18192476123,-66159.27036998725,-76948.72590600325,-56510.60308265233,-45198.02765421882,-52590.841695113966
2026-03-10 11:05:03,-166544.29463084933,-141960.1710403807,-100110.55553639779,-159196.2826304355,-76417.53163902203,-64361.322804234616
2026-03-10 11:05:33,-53192.61404779146,-54879.211061687536,-68537.94696734595,-59990.0348263853,-55096.27254232613,-53196.717354573986
2026-03-10 11:06:03,-204612.875418089,-153358.53936071167,-219867.93558842796,-164720.21654425707,-90772.59404848107,-168830.0058618668
2026-03-10 11:06:33,-137959.07037688358,-104618.1166166684,-127420.6406675632,-145939.03658494537,-144321.4716733906,-155041.9295886349
2026-03-10 11:07:03,-130673.41379310345,-191410.4827586207,-115857.79310344828,-181045.96551724136,-210580.6551724138,-106832.06896551725
2026-03-10 11:07:33,-110544.39502086134,-152307.0583772973,-107042.27440433088,-143515.60291024446,-84555.77393882969,-81726.90596875969
2026-03-10 11:08:03,-81845.4191234785,-116791.93820902726,-61962.69094169166,-82796.4897762146,-56163.82193717457,-73109.54794662252
2026-03-10 11:08:33,-62496.46539535845,-130921.82489051345,-107728.64581537293,-130299.42411807302,-81772.68181661435,-62455.326045725706
2026-03-10 11:09:03,-105681.4702434315,-141625.12930142749,-151921.00544790016,-119883.42183297704,-94824.3914212813,-107986.86297496725
2026-03-10 11:09:33,-39131.719595876,-41349.26381848901,-40706.25150856867,-41112.37543532981,-39884.762594393294,-37936.69183821247
2026-03-10 11:10:03,-100888.00386193581,-96735.83669528637,-97207.61353056792,-95094.8932795421,-93435.84703975725,-91481.74200889625
2026-03-10 11:10:33,-133658.72413793104,-51237.96551724138,-54483.1724137931,-69274.6896551724,-42789.862068965514,-40779.51724137931
2026-03-10 11:11:03,-80343.88469363125,-75479.22485431535,-123571.70442398537,-86240.64687424571,-60938.450398262125,-58771.869935519455
2026-03-10 11:11:33,-151201.8070211739,-81262.22498103319,-101446.89288916478,-105866.47354990001,-119059.03855438308,-87563.00434512726
2026-03-10 11:12:03,-94139.50762016414,-128725.26032687402,-94755.22377767052,-118665.1610233777,-138286.2561202676,-109638.81801255087
2026-03-10 11:12:33,-70129.94759343538,-70469.96965935733,-69655.9784857261,-92696.90387532754,-95195.1454971728,-75542.92511377741
2026-03-10 11:13:03,-104667.8735216027,-92031.75752560256,-135940.41584772937,-176744.1122719906,-173492.36233233334,-81627.08182476465
2026-03-10 11:13:33,-65113.09564857596,-91320.1503344597,-76446.07268464244,-128551.99641404042,-89397.69671057169,-62108.78560099304
2026-03-10 11:14:03,-61953.93579974486,-175246.5607006172,-93282.79833120713,-102781.88463262422,-90373.9957935386,-58442.19563493432
2026-03-10 11:14:33,-40970.58620689655,-102274.6896551724,-88480.5172413793,-144822.6896551724,-63891.206896551725,-77576.3448275862
2026-03-10 11:15:03,-96029.44624508655,-155270.6709882077,-122678.71181297842,-135909.62692228123,-71279.87724984484,-97974.24315564444
2026-03-10 11:15:33,-207217.26837005618,-252381.09030723074,-251917.76145650147,-220379.0903761939,-221510.7754905003,-256216.33736767696
2026-03-10 11:16:03,-114990.79342091651,-152576.15254646388,-159296.26564601218,-114681.4592600255,-141770.69756215301,-133180.71790627908
2026-03-10 11:16:33,-44385.88324540533,-130103.51367194236,-91505.84462604739,-84697.42422675081,-116225.44050205166,-50666.390814109865
2026-03-10 11:17:03,-93960.5158798579,-68781.2338356495,-70594.95155005345,-52101.24487051277,-77189.07548536155,-48435.98055105348
2026-03-10 11:17:33,-29293.896551724138,-33202.137931034486,-30698.379310344826,-33273.65517241379,-31658.758620689656,-29406.48275862069
2026-03-10 11:18:03,-75385.00793048755,-141091.40748913868,-151076.2361216468,-128459.89931728847,-106919.7296738156,-119240.60409626922
2026-03-10 11:18:33,-115472.88024550879,-126158.99451743044,-245329.54036067723,-152139.75380159306,-119435.32981621324,-135527.15423606083
2026-03-10 11:19:03,-133933.58620689655,-188684.44827586206,-191566.93103448275,-201589.0344827586,-117993.93103448275,-185994.5172413793
2026-03-10 11:19:33,-175114.65121892348,-262331.1609944484,-198306.8514878797,-205863.69435536704,-145035.44705354987,-253100.61722009582
2026-03-10 11:20:03,-185128.4827586207,-245335.55172413794,-243085.96551724136,-277604.7931034483,-275075.4137931034,-206665.8620689655
2026-03-10 11:20:33,-152315.93103448275,-144358.3448275862,-119990.44827586207,-147225.1724137931,-184014.58620689655,-92986
2026-03-10 11:21:03,-116661.80426236292,-92819.71170425546,-93005.1727705359,-176414.47686047314,-111656.5625215532,-130318.74612042209
2026-03-10 11:21:33,-68764.80932349493,-88796.7726363699,-66609.82001241294,-118157.95462381905,-85548.54837597407,-92732.432246052
2026-03-10 11:22:03,-97375.75862068965,-78266.27586206897,-111992.24137931035,-177033.24137931035,-67393.62068965517,-86921.89655172413
2026-03-10 11:22:33,-68894.38295231198,-98780.76618047652,-90078.72142339918,-71699.94138133166,-41849.039688286604,-45545.63635736698
2026-03-10 11:23:03,-88272.53292876354,-100684.4700365492,-138164.91966071306,-67536.6526446452,-72598.92421212331,-110223.01910213089
2026-03-10 11:23:33,-164017.621904959,-236437.1680805573,-236213.3250569005,-142732.3263673357,-170075.45347955034,-170685.6679771019
2026-03-10 11:24:03,-125983.2063174592,-137425.8767543708,-190124.935342598,-224588.46856788162,-125317.1488672023,-144299.0792785958
2026-03-10 11:24:33,-192708.6796096417,-201399.32411462461,-230172.55767440255,-166866.71954205315,-170067.7954412221,-156415.3246663678
2026-03-10 11:25:03,-96954.48432812661,-170148.54660184128,-240947.9328299024,-144281.26616323573,-95980.5868763146,-109036.48150063789
2026-03-10 11:25:33,-117336.44827586207,-124342.20689655172,-132569.6896551724,-116659.8275862069,-118354.3448275862,-128886.6896551724
2026-03-10 11:26:03,-181504.55141024757,-180705.05482380526,-186688.4352803255,-187777.11881939176,-174290.32480518587,-198544.72105372045
2026-03-10 11:26:33,-212138.24137931035,-171075.1379310345,-168582.41379310345,-153921.3448275862,-130522.86206896552,-163641.55172413794
2026-03-10 11:27:03,-124732.88049100063,-138976.2774981036,-133725.60513068066,-119748.67250534447,-107715.32997724296,-86772.1881249569
2026-03-10 11:27:33,-99634.38857852266,-100872.09462721567,-82444.30650389682,-84073.00503482998,-133505.13828539898,-82217.22187737084
2026-03-10 11:28:03,-84746.77608440797,-106732.32880491001,-127415.38514585202,-154484.03558375285,-124871.04337631888,-104838.9076615406
2026-03-10 11:28:33,-107800.45523520486,-94146.57194095738,-164255.03517726585,-76413.95364877915,-116862.04993792248,-74822.66519519934
2026-03-10 11:29:03,-96080.90213118146,-74497.48258500586,-71832.22980895234,-55789.9855162425,-52240.32691909787,-77727.53293330575
2026-03-10 11:29:33,-68791.40088956316,-85292.62490087234,-122991.20780608903,-114167.91366410373,-84770.47202013586,-88468.60669585905
2026-03-10 11:30:03,-58702.01027550773,-76824.62673700906,-115629.39208992792,-71270.85272921623,-71452.39819316575,-78909.17554567083
2026-03-10 11:30:33,-81791.84194193504,-88493.93145300324,-93754.81001310254,-85365.66443693539,-83799.49658644231,-82187.15950624095
2026-03-10 11:31:03,-118942.00399972415,-91482.79429004897,-79632.26674022482,-208405.59271774362,-113629.85311357839,-108142.09364871388
2026-03-10 11:31:33,-226759.8441486794,-181668.02289497276,-127284.2562581891,-193166.36783670093,-98305.22032963244,-126325.8051168885
2026-03-10 11:32:03,-174254.0257232509,-172842.1433743664,-161362.6081859246,-149263.9908968656,-175681.0109996207,-127789.9382779904
2026-03-10 11:32:33,-92364.07231077073,-112721.07224177191,-125044.43524460086,-105692.3342303181,-140403.53963982614,-56493.61760850067
2026-03-10 11:33:03,-74621.59177193347,-89530.9587906399,-88771.45026575551,-83668.42686546559,-83838.23427900877,-74611.2721750535
2026-03-10 11:33:33,-81545.62698303214,-62244.79238515658,-68981.58366671266,-80111.01531245689,-85796.83404607532,-28146.916816112567
2026-03-10 11:34:03,-71000.82761474533,-133577.26128487187,-57493.258388220274,-106756.19848960308,-65684.33394254974,-61264.62981482119
2026-03-10 11:34:33,-151749.9655172414,-235506,-219594.5172413793,-184773.6551724138,-125932.86206896552,-121302.6896551724
2026-03-10 11:35:03,-166892.10344827586,-152271.75862068965,-186314.2068965517,-216356.06896551725,-212274.93103448275,-168758.41379310345
2026-03-10 11:35:33,-136217.95800144822,-95809.11003068858,-108593.53125754283,-128428.67487328022,-144029.03348160407,-91779.04210199647
2026-03-10 11:36:03,-125371.05617047686,-138453.74297438018,-176652.52922313023,-174117.06492879553,-130470.36309092789,-98195.82083376434
2026-03-10 11:36:33,-139081.50880943352,-178962.9003896149,-223519.18767024102,-175098.88632210463,-128669.1031962211,-138986.07040650968
2026-03-10 11:37:03,-163137.79785509844,-245314.01082795954,-157221.04210490015,-173780.57864064275,-149036.03572536982,-147569.39894479117
2026-03-10 11:37:33,-115957.72705330668,-197203.84801048203,-117380.62892214331,-157300.32411557823,-164584.0631680574,-105512.48189780016
2026-03-10 11:38:03,-119067.13793103448,-107309.3448275862,-95474.13793103448,-98695.5172413793,-129084.6896551724,-110952.31034482758
2026-03-10 11:38:33,-157479.604151581,-180416.67528705907,-139960.62204751562,-107955.62221992346,-133486.94872590603,-125470.60446191512
2026-03-10 11:39:03,-114368.77133694263,-86981.62005586398,-55822.614572916296,-106485.39604813958,-73423.01458670988,-62231.24935342597
2026-03-10 11:39:33,-86503,-48172.620689655174,-53047.31034482759,-55440.55172413793,-36066.724137931036,-42882.10344827586
2026-03-10 11:40:03,-84081.68120539255,-54069.78588421888,-54451.36709995518,-50550.667172361485,-50533.49653484123,-48526.807571630525
2026-03-10 11:40:33,-76799.06896551725,-49421.3448275862,-64919.06896551724,-103928.62068965517,-51228.03448275862,-68606.93103448275
2026-03-10 11:41:03,-42728.03448275862,-40747.41379310345,-61031.620689655174,-74594.44827586207,-44784,-42742.379310344826
2026-03-10 11:41:33,-44705.275862068964,-72712.72413793103,-60287.275862068964,-58074.96551724138,-41014.58620689655,-39027.55172413793
2026-03-10 11:42:03,-29202.744638300806,-33128.129094545206,-32373.42252258465,-31285.807875318944,-31203.46872629474,-29134.921729535894
2026-03-10 11:42:33,-34066.34711541777,-39408.35890892789,-37309.14859133073,-36197.48956860581,-36048.312010758986,-34041.0703817373
2026-03-10 11:43:03,-21061.894417433883,-22937.657322161307,-24396.813902968865,-23107.41008930727,-23149.856901486157,-21083.135064308128
2026-03-10 11:43:33,-69132.07351977653,-47803.68288561674,-45707.71405910548,-57761.1641780751,-50422.49732749404,-35513.46598158557
2026-03-10 11:44:03,-70851.31547188027,-59822.488879693796,-95640.83997103547,-68080.06620461363,-68769.11140995138,-42986.276335298775
2026-03-10 11:44:33,-26917.103448275862,-29642.793103448275,-40131.137931034486,-28508.1724137931,-66486.31034482758,-26362.068965517243
2026-03-10 11:45:03,-93533.55172413793,-67927.58620689655,-113965.6551724138,-64784.65517241379,-60047,-57783.03448275862
2026-03-10 11:45:33,-94659.41379310345,-100894,-129456.3448275862,-72997.41379310345,-96319.37931034483,-98778.27586206897
2026-03-10 11:46:03,-86865.14258129029,-47032.86093582979,-65190.64859832419,-40417.05458432467,-44661.56339436571,-43316.57529050722
2026-03-10 11:46:33,-123877.35751473987,-100832.56904458161,-84928.80046891702,-98475.84732613868,-60453.57376823088,-62194.18680826122
2026-03-10 11:47:03,-108795.41379310345,-67035.1724137931,-84269.75862068965,-135780.8620689655,-69995.41379310345,-79383.55172413793
2026-03-10 11:47:33,-43853.90158960036,-62772.283714354686,-65282.54198131099,-89481.53511947865,-64052.377504223994,-35598.87590083101
2026-03-10 11:48:03,-168106.555398462,-100074.79568260974,-180049.82930445875,-166865.65053967375,-105598.57236456429,-98373.04734646021
2026-03-10 11:48:33,-84579.64067726472,-68447.70509327907,-109397.5999172385,-116605.98641332459,-75146.66022966309,-87332.08041656608
2026-03-10 11:49:03,-56851.75862068965,-55590.41379310345,-55056.93103448276,-62086.24137931034,-90762.48275862068,-51702.48275862069
2026-03-10 11:49:33,-111444.56705403634,-85074.17497155073,-122468.15407427841,-76235.93917031621,-110831.5803993241,-79711.40384151177
2026-03-10 11:50:03,-78058.06696320816,-81236.33667804557,-87591.84166063239,-78305.05844626046,-113398.7103892969,-76165.54601565462
2026-03-10 11:50:33,-71873.93538153857,-109553.49815523604,-76956.79459328989,-71146.40874452605,-79769.2148546602,-69070.10103099894
2026-03-10 11:51:03,-58397.73785302941,-102654.88465119485,-124429.35963309077,-69997.31025207764,-71314.04531190729,-109546.32918376494
2026-03-10 11:51:33,-86706.87217682149,-143115.34085031552,-100930.07137684908,-106539.4296748388,-77054.06710113445,-92183.33850556878
2026-03-10 11:52:03,-130586.55172413793,-122659.10344827586,-101067.89655172413,-77402.1724137931,-56254.51724137931,-96187.3448275862
2026-03-10 11:52:33,-37097.92765766697,-69764.80121375124,-40804.489500362055,-37699.49312092686,-37719.975173269886,-44059.239336574596
2026-03-10 11:53:03,-71098.67264264781,-94338.45888639889,-71665.43699362178,-102656.99017410791,-67086.2954662989,-80329.80520599896
2026-03-10 11:53:33,-26279.262196173073,-29698.189967247024,-28839.648336493705,-28297.43147733149,-28079.434580244782,-26163.38562316842
2026-03-10 11:54:03,-62595.11740974448,-99385.91772697492,-85350.50515499465,-92147.58111789248,-55329.74725009482,-45313.471949243125
2026-03-10 11:54:33,-53348.712113375404,-77762.24957760079,-53526.2232336816,-111439.64001241338,-76138.78831764423,-66631.3575393952
2026-03-10 11:55:03,-53132.68507982484,-76299.88621082032,-42906.45150167236,-111946.8294196752,-106705.76876659426,-41322.02337850419
2026-03-10 11:55:33,-63670.90833850612,-75831.43665080352,-65731.42975377613,-130114.9389613077,-73559.83171253192,-60584.97137733638
2026-03-10 11:56:03,-50762.07716975276,-78418.0890314127,-49308.33419537257,-103333.85055687734,-83429.70932036826,-46552.256818730384
2026-03-10 11:56:33,-146711.06896551725,-108920.13793103448,-114687.03448275862,-113389.27586206897,-69710,-61308.724137931036
2026-03-10 11:57:03,-101484.03448275862,-127556.72413793103,-132734.9655172414,-158691.8620689655,-89575.24137931035,-131844.93103448275
2026-03-10 11:57:33,-156822.5172413793,-171580.0344827586,-262004.4827586207,-230831.3448275862,-174266.75862068965,-160935.6551724138
2026-03-10 11:58:03,-100514.58620689655,-149124.0344827586,-137240.72413793104,-81701.37931034483,-136742.1379310345,-73009.24137931035
2026-03-10 11:58:33,-120387.97889582398,-188381.4269457567,-181783.75116383322,-168797.54474292215,-123908.16924721541,-102104.693265285
2026-03-10 11:59:03,-110965.69202123991,-157920.69512447418,-114085.33894214193,-139325.3223915592,-136253.98248396663,-90654.81690917868
2026-03-10 11:59:33,-212160.98889731744,-149885.7320184815,-173260.706158196,-153019.4124543135,-103759.8441486794,-148892.0419281429
2026-03-10 12:00:03,-129564.50222421461,-118052.38111659022,-145020.69036863337,-141297.01024173247,-105812.99355150176,-137077.69233421842
2026-03-10 12:00:33,-114480.98341436501,-139117.61663390917,-99532.08510051377,-204879.4524326747,-117234.57811799592,-115953.51884417777
2026-03-10 12:01:03,-40919,-63548.75862068965,-77945.55172413793,-67312.5172413793,-43212.06896551724,-48194.06896551724
2026-03-10 12:01:33,-87226.92320954449,-119194.3036447019,-122919.00279300712,-129506.56873900899,-92052.54991207199,-91411.1927174925
2026-03-10 12:02:03,-55907.41698562119,-58135.06430812731,-67145.20188959003,-105385.64187441813,-93317.92007172167,-52959.65656356678
2026-03-10 12:02:33,-93120.0524065646,-119581.71286719073,-154261.89491104675,-148965.4875189629,-57994.793821541854,-83411.35705419941
2026-03-10 12:03:03,-51210.58620689655,-53002.724137931036,-70309.10344827586,-53989.620689655174,-49600.3448275862,-50146.24137931034
2026-03-10 12:03:33,-101297.73808702848,-89714.01972277774,-78233.15633404593,-70506.27542928074,-105133.37011240605,-66604.40659264878
2026-03-10 12:04:03,-56653.11540981345,-58864.10813420226,-74852.97058722112,-90129.78862797834,-58892.00372400951,-71775.35257404916
2026-03-10 12:04:33,-129200.95858763489,-149693.52780938588,-160067.06665287403,-178459.94965690837,-74300.61032378193,-107921.10616875278
2026-03-10 12:05:03,-124259.62068965517,-92093.44827586207,-117965.10344827586,-186488.75862068965,-86347.5172413793,-121285.55172413793
2026-03-10 12:05:33,-83038.93103448275,-99465.8275862069,-122215.13793103448,-92291.31034482758,-84282.96551724138,-98872.55172413793
2026-03-10 12:06:03,-71920.00275852557,-93850.69480362747,-84676.56287714218,-105800.35171200994,-104284.05917037344,-73639.52967139064
2026-03-10 12:06:33,-81771.6896551724,-124744.62068965517,-105862.31034482758,-47457.51724137931,-89852.6896551724,-67121.27586206897
2026-03-10 12:07:03,-46310.3448275862,-56813.75862068965,-52680.58620689655,-56670.3448275862,-48449.03448275862,-45974.58620689655
2026-03-10 12:07:33,-74605.1724137931,-113172.62068965517,-106431.79310344828,-81946.03448275862,-84949,-55496.862068965514
2026-03-10 12:08:03,-135932.3769785165,-63032.69078244077,-63153.10872788716,-80707.95544673954,-42393.97910272767,-49391.73764612572
2026-03-10 12:08:33,-178479.81104099855,-174868.21144098477,-115106.82390262403,-125964.86328057652,-147312.02372331987,-82406.67563187475
2026-03-10 12:09:03,-134119.8455385464,-150540.75299958626,-132115.7771341884,-93626.94800717142,-129565.61163977382,-120074.40353054751
2026-03-10 12:09:33,-212517.3103448276,-213164,-211311.96551724136,-243901.27586206896,-214148.0344827586,-237197.96551724136
2026-03-10 12:10:03,-106396.83470105511,-79420.14343838356,-177401.52403282534,-112764.49900006897,-73255.22377767052,-92562.51293014275
2026-03-10 12:10:33,-199371.05617047686,-229647.80524809487,-163475.67325264643,-198778.66280473085,-149311.64442605426,-112996.41391676148
2026-03-10 12:11:03,-150552.4673264595,-84845.82226973343,-116315.25225007757,-58876.20262767681,-94324.76981964894,-70073.6577123349
2026-03-10 12:11:33,-88988.44867418364,-134379.74552601634,-87565.77359401398,-126231.47477673182,-91424.77845591531,-75491.87959035895
2026-03-10 12:12:03,-184654.75862068965,-233864.6551724138,-174988.3103448276,-177027,-167850.9655172414,-177401.27586206896
2026-03-10 12:12:33,-132969.72309389978,-98980.13724611192,-97471.70592089382,-100636.71161074519,-119434.0149660333,-107641.09107210592
2026-03-10 12:13:03,-165226.42485260149,-111613.83305175327,-175718.442919698,-137286.2807295797,-129369.78933213807,-124829.81070923699
2026-03-10 12:13:33,-138071.02958416662,-85693.50389628301,-121799.324184539,-78660.40273084615,-83951.7619474519,-87197.33121853665
2026-03-10 12:14:03,-159154.8620689655,-186752.8620689655,-234136.10344827586,-212149.55172413794,-198023.06896551725,-150810.2068965517
2026-03-10 12:14:33,-284743.56056687696,-238661.7013206441,-268522.94748456945,-378932.7954208475,-288604.32398882793,-286465.7080790317
2026-03-10 12:15:03,-203443.81983721894,-274606.70437301695,-247714.0640088288,-289038.35011725756,-187341.87474134364,-199792.7300317285
2026-03-10 12:15:33,-172737.0344827586,-108799,-102216.75862068965,-101361.20689655172,-101945.06896551725,-110232.93103448275
2026-03-10 12:16:03,-95548.62068965517,-96845.8275862069,-98338.37931034483,-96490.72413793103,-92273.93103448275,-90241.37931034483
2026-03-10 12:16:33,-95473.7422847488,-94611.7375262922,-91629.87483190236,-88754.42226130134,-88451.57063549533,-86385.77980069653
2026-03-10 12:17:03,-51193.09678976586,-61745.18120064824,-55829.1783041964,-110455.67394227783,-59772.31819592427,-75500.84479845522
2026-03-10 12:17:33,-60159.384806372625,-67516.53505293286,-90329.08031311423,-44121.107624400836,-44051.346598158554,-69201.4897065416
2026-03-10 12:18:03,-48275.1724137931,-97308.93103448275,-49333.379310344826,-69273.93103448275,-41027.793103448275,-30021.41379310345
2026-03-10 12:18:33,-84558.25661184096,-90016.9649322437,-78257.64628805903,-67712.59611737526,-80024.24054342952,-69965.03568842453
2026-03-10 12:19:03,-104173.1604716916,-91260.84407971865,-104859.35452727399,-57764.430039307634,-57260.15447210537,-69467.07123646645
2026-03-10 12:19:33,-102885.5290831983,-66952.14288177087,-78028.61772920044,-60569.18249836224,-86092.64558838742,-62673.34413681344
2026-03-10 12:20:03,-126525.41379310345,-112714.1724137931,-117887.24137931035,-77280.44827586207,-90193.41379310345,-85573.3448275862
2026-03-10 12:20:33,-130017.93041619255,-150866.07358366955,-121234.95741526155,-140780.80066204615,-113607.70318264888,-94470.67342505432
2026-03-10 12:21:03,-157664.40245500312,-232102.7860147576,-158323.66733328736,-144308.80628922145,-152063.34045927867,-138681.71160609613
2026-03-10 12:21:33,-136425.1724137931,-261556.41379310345,-185116.55172413794,-260257.4827586207,-141681,-159080.2068965517
2026-03-10 12:22:03,-128397.64146063928,-109211.57891107202,-119161.3737457329,-149084.99706906657,-101433.67470087238,-99065.75635322918
2026-03-10 12:22:33,-86481.31034482758,-88758.24137931035,-86089.8275862069,-85213.37931034483,-82591.5172413793,-80972.93103448275
2026-03-10 12:23:03,-46269.96551724138,-52256.06896551724,-47924.93103448276,-52274.10344827586,-48073.58620689655,-45900.68965517241
2026-03-10 12:23:33,-79953.20851005137,-54289.7486293576,-66378.8834867763,-33741.698562118545,-40152.20164821902,-31897.279404158475
2026-03-10 12:24:03,-119725.27586206897,-113281.5172413793,-75274.5172413793,-161495.3793103448,-127721.93103448275,-74462.72413793103
2026-03-10 12:24:33,-96168.97134383942,-105390.39277216455,-131549.5017069554,-103335.2184558088,-142328.49408600293,-94218.66271250731
2026-03-10 12:25:03,-54357.74628461087,-54790.24861211682,-62816.38564187441,-54732.90576187027,-79017.75800834454,-51060.10137581462
2026-03-10 12:25:33,-22313.344827586207,-18947.48275862069,-65364.206896551725,-78489.3448275862,-58900.275862068964,-57836.65517241379
2026-03-10 12:26:03,-20864.724137931033,-60894.862068965514,-20359.379310344826,-40894.8275862069,-30895.862068965518,-10454.58620689655
2026-03-10 12:26:33,-160578.35936691836,-151823.1095479466,-214462.46681148923,-171577.18699355194,-150104.47915589117,-110032.41267542497
2026-03-10 12:27:03,-94693.10344827586,-169065.79310344826,-110050.48275862068,-135370.10344827586,-91628.86206896552,-103695.93103448275
2026-03-10 12:27:33,-91091.34167787318,-76036.86079790353,-69823.48884521224,-90040.68825212924,-54219.57863521948,-83216.57873866419
2026-03-10 12:28:03,-56914,-48214.24137931034,-85356.1724137931,-73155.72413793103,-34268.793103448275,-37408.1724137931
2026-03-10 12:28:33,-152476.27586206896,-115224.93103448275,-131079.8275862069,-181618.75862068965,-117600.10344827586,-129222.3448275862
2026-03-10 12:29:03,-94925.48532809212,-65099.27243888141,-117104.89293472638,-77991.51753387813,-59722.66473569876,-55700.42412330609
2026-03-10 12:29:33,-127467.01837867661,-123988.20730319645,-162761.04272266474,-154696.35529809317,-120277.19733802283,-109974.41467535603
2026-03-10 12:30:03,-77993.82779904142,-109435.74359504845,-111771.66304610186,-76759.07727319749,-119852.14302955072,-73660.49446570809
2026-03-10 12:30:33,-37674.33359771026,-119731.64591882477,-81305.42432497672,-84884.20290354839,-95780.68209248593,-61379.702748370626
2026-03-10 12:31:03,-81828.20689655172,-60357.448275862065,-47550.96551724138,-51382.793103448275,-53245.379310344826,-54097.793103448275
2026-03-10 12:31:33,-43937,-69160.24137931035,-43093.03448275862,-39425.48275862069,-49952.58620689655,-36145.793103448275
2026-03-10 12:32:03,-40495.77571640401,-44506.05193282526,-41861.37453015621,-47277.87165074657,-42538.122004207034,-40554.157039897924
2026-03-10 12:32:33,-80379.03448275862,-94386.03448275862,-85441.6551724138,-92917.79310344828,-82283.10344827586,-86561.55172413793
2026-03-10 12:33:03,-60919.69242439915,-75078.51453398158,-101285.71428571428,-78532.77473190578,-61222.33716078755,-66990.4141236509
2026-03-10 12:33:33,-92443.762499138,-101211.330253086,-82135.33549410386,-94771.98124267292,-82143.64526584373,-71649.50693055651
2026-03-10 12:34:03,-175644.04675700836,-49205.44119168304,-57116.23737112513,-74889.21071687182,-80997.86214268472,-63313.885728078334
2026-03-10 12:34:33,-106160.7296803338,-139570.15759164107,-115671.36797820612,-116729.81826959549,-114511.5348805131,-128945.75675023274
2026-03-10 12:35:03,-155083.79888268156,-123834.67825367267,-77353.64507897096,-143231.98151596662,-128994.86171460101,-152045.07207393614
2026-03-10 12:35:33,-62123.00424152556,-68840.30483809786,-83616.6419531708,-69618.46960240007,-118362.42629056172,-82092.89975516396
2026-03-10 12:36:03,-125000.37924495776,-71510.63609722462,-157518.49681089466,-63760.79986209274,-84611.65316324771,-95228.54680227546
2026-03-10 12:36:33,-136883.9655172414,-82365.24137931035,-99483.6551724138,-63583.03448275862,-68097.37931034483,-84232.6896551724
2026-03-10 12:37:03,-88308.3448275862,-115484.93103448275,-177520.41379310345,-101516.10344827586,-72371.93103448275,-88815.10344827586
2026-03-10 12:37:33,-137306.1273749181,-183360.67721802698,-153833.45401882695,-132724.66466673565,-94801.83441950279,-114783.73159546223
2026-03-10 12:38:03,-143109.24137931035,-137028.75862068965,-80504.6896551724,-81556.6896551724,-73292.41379310345,-107753.10344827586
2026-03-10 12:38:33,-125669.75862068965,-168300.72413793104,-163390.8620689655,-135942.41379310345,-99866.96551724138,-160300.41379310345
2026-03-10 12:39:03,-58267.51724137931,-56131.58620689655,-54804.10344827586,-54356.3448275862,-52228.379310344826,-69519.8275862069
2026-03-10 12:39:33,-104343.42563536672,-175506.1553846684,-163267.38853063897,-153565.4332908031,-125342.87389220316,-156463.5332252836
2026-03-10 12:40:03,-159662.1150994793,-129025.48187993516,-107174.58018689009,-191865.7632495431,-195856.59115202923,-111141.27099065548
2026-03-10 12:40:33,-82208.19971725112,-89036.03324023308,-91741.73304368813,-87779.28347298368,-101356.53942967483,-82213.50987896968
2026-03-10 12:41:03,-56088.89348643151,-61319.81655804973,-60873.314713285756,-61387.74525016379,-68684.52811972001,-56061.79097272508
2026-03-10 12:41:33,-100336.91941657184,-69147.89145201888,-82631.9437260784,-69293.78297300093,-75535.63670218267,-65438.05386021171
2026-03-10 12:42:03,-110345.20689655172,-174860.4827586207,-162532.6551724138,-151723.9655172414,-75622.96551724138,-132623.24137931035
2026-03-10 12:42:33,-133405.06896551725,-198351.2068965517,-192265.2068965517,-149373.89655172414,-164302.0344827586,-174053.0344827586
2026-03-10 12:43:03,-133716.4827586207,-115489.55172413793,-105711.13793103448,-120540.41379310345,-107629.13793103448,-113532
2026-03-10 12:43:33,-57882.077098131165,-109774.39486931937,-76869.97448451832,-110972.34673470796,-59888.7318115992,-58852.69981380595
2026-03-10 12:44:03,-64125.801779433066,-52543.071935995584,-70278.57093592662,-81566.10800744878,-43339.78205393475,-41299.71032484999
2026-03-10 12:44:33,-74362.62068965517,-63406.68965517241,-60964.862068965514,-111763.10344827586,-58171.89655172414,-47383.06896551724
2026-03-10 12:45:03,-83241.54339505536,-85030.03344712252,-91969.24243991588,-129821.90269301059,-85652.25337057344,-35446.39840005517
2026-03-10 12:45:33,-143656.8728877854,-99400.99317194292,-134820.8152286365,-135308.05572798126,-98933.27126008691,-89309.40064832059
2026-03-10 12:46:03,-84179.33864349504,-96924.55432571289,-45036.826316333914,-118958.82900589633,-81656.28771421674,-76916.72700941346
2026-03-10 12:46:33,-162580.9655172414,-121420.03448275862,-85282.75862068965,-113251.6896551724,-118488.75862068965,-117379.62068965517
2026-03-10 12:47:03,-218608.9445191545,-166200.8896244957,-188945.0363780559,-128243.23299196578,-172345.9535878073,-152930.65756353227
2026-03-10 12:47:33,-84594.49674149168,-90799.59311747871,-61184.0971001,-91591.4968449364,-78438.50212061654,-69781.31788559016
2026-03-10 12:48:03,-60494.620689655174,-82576.79310344828,-46729,-84204.3448275862,-70147.8275862069,-41896.89655172414
2026-03-10 12:48:33,-55658.57443360115,-78839.4427394048,-108191.55832959755,-59544.536018483384,-57317.39025483636,-65035.58743404944
2026-03-10 12:49:03,-227365.3103448276,-117505.37931034483,-71725.1724137931,-144243.89655172414,-90806.48275862068,-75874.6551724138
2026-03-10 12:49:33,-134472.25957725593,-182461.98406951482,-188656.49460363435,-254903.96882866105,-172286.02461984067,-116112.7202510258
2026-03-10 12:50:03,-82726.90596875969,-104134.54708458328,-191039.5503603324,-130506.36184959138,-137287.36940105513,-122713.11334091927
2026-03-10 12:50:33,-112144.95602690119,-115976.4787032247,-115155.81996896016,-92569.40851871012,-104506.2941886532,-88584.79048111744
2026-03-10 12:51:03,-78950.26728746336,-81009.51888256596,-79718.641145025,-81409.24297292637,-91706.7770305225,-105655.3198827384
2026-03-10 12:51:33,-96376.29736905622,-91975.79393814005,-105668.2873004379,-101586.35909106581,-95904.7963863315,-99311.12720251025
2026-03-10 12:52:03,-195253.2671287197,-134363.09092789903,-268960.6910106548,-149710.21688907276,-169775.66290817555,-104881.34891900278
2026-03-10 12:52:33,-50280.71628195838,-55006.27954318048,-55033.398889003896,-53875.68574681709,-51724.42466273332,-50187.69623572438
2026-03-10 12:53:03,-74492.78059202591,-65837.31348426893,-110335.98676729041,-54834.591129949345,-62135.773114166586,-52999.27633619353
2026-03-10 12:53:33,-100191.88993482984,-134370.15964966727,-64009.965173614706,-173609.32381642013,-56519.12003034379,-62478.052480948936
2026-03-10 12:54:03,-159952.5205158265,-191611.06130611684,-135641.95572719123,-174105.50996483,-131260.39583477002,-118168.57458106338
2026-03-10 12:54:33,-53926.9259948962,-83010.06965997655,-58974.89482033243,-80304.22787778467,-87109.52479481343,-82486.93013311263
